vertices = [
    [-0.873195, 0.328985, -1.376557, 0.000000, 0.000000],
    [-0.873424, 0.324810, -1.381590, 0.000000, 0.000000],
    [-0.859859, 0.324504, -1.381954, 0.000000, 0.000000],
    [-0.859630, 0.328678, -1.376921, 0.000000, 0.000000],
    [-0.874319, 0.346016, -1.432783, 0.000000, 0.000000],
    [-0.874189, 0.352548, -1.433440, 0.000000, 0.000000],
    [-0.860624, 0.352241, -1.433804, 0.000000, 0.000000],
    [-0.860754, 0.345710, -1.433147, 0.000000, 0.000000],
    [-0.872255, 0.383579, -1.387499, 0.000000, 0.000000],
    [-0.872170, 0.380496, -1.381737, 0.000000, 0.000000],
    [-0.858606, 0.380190, -1.382101, 0.000000, 0.000000],
    [-0.858691, 0.383272, -1.387863, 0.000000, 0.000000],
    [-0.873648, 0.321704, -1.387336, 0.000000, 0.000000],
    [-0.873859, 0.319785, -1.393575, 0.000000, 0.000000],
    [-0.860295, 0.319479, -1.393939, 0.000000, 0.000000],
    [-0.860084, 0.321397, -1.387700, 0.000000, 0.000000],
    [-0.872128, 0.376342, -1.376682, 0.000000, 0.000000],
    [-0.872131, 0.371276, -1.372529, 0.000000, 0.000000],
    [-0.858567, 0.370969, -1.372893, 0.000000, 0.000000],
    [-0.858564, 0.376035, -1.377046, 0.000000, 0.000000],
    [-0.874025, 0.359082, -1.432817, 0.000000, 0.000000],
    [-0.873832, 0.365368, -1.430940, 0.000000, 0.000000],
    [-0.860268, 0.365061, -1.431304, 0.000000, 0.000000],
    [-0.860460, 0.358776, -1.433181, 0.000000, 0.000000],
    [-0.874048, 0.319129, -1.400067, 0.000000, 0.000000],
    [-0.874208, 0.319759, -1.406562, 0.000000, 0.000000],
    [-0.860644, 0.319453, -1.406926, 0.000000, 0.000000],
    [-0.860484, 0.318822, -1.400431, 0.000000, 0.000000],
    [-0.872179, 0.365493, -1.369438, 0.000000, 0.000000],
    [-0.872270, 0.359215, -1.367528, 0.000000, 0.000000],
    [-0.858705, 0.358908, -1.367892, 0.000000, 0.000000],
    [-0.858614, 0.365186, -1.369802, 0.000000, 0.000000],
    [-0.873619, 0.371163, -1.427879, 0.000000, 0.000000],
    [-0.873394, 0.376246, -1.423753, 0.000000, 0.000000],
    [-0.859829, 0.375940, -1.424117, 0.000000, 0.000000],
    [-0.860054, 0.370857, -1.428243, 0.000000, 0.000000],
    [-0.874333, 0.321652, -1.412811, 0.000000, 0.000000],
    [-0.874418, 0.324735, -1.418574, 0.000000, 0.000000],
    [-0.860853, 0.324428, -1.418938, 0.000000, 0.000000],
    [-0.860769, 0.321346, -1.413175, 0.000000, 0.000000],
    [-0.873164, 0.380421, -1.418720, 0.000000, 0.000000],
    [-0.872940, 0.383527, -1.412974, 0.000000, 0.000000],
    [-0.859375, 0.383221, -1.413338, 0.000000, 0.000000],
    [-0.859600, 0.380115, -1.419084, 0.000000, 0.000000],
    [-0.872564, 0.346149, -1.367493, 0.000000, 0.000000],
    [-0.872756, 0.339863, -1.369371, 0.000000, 0.000000],
    [-0.859192, 0.339557, -1.369735, 0.000000, 0.000000],
    [-0.858999, 0.345842, -1.367857, 0.000000, 0.000000],
    [-0.874460, 0.328889, -1.423628, 0.000000, 0.000000],
    [-0.874457, 0.333955, -1.427781, 0.000000, 0.000000],
    [-0.860892, 0.333649, -1.428145, 0.000000, 0.000000],
    [-0.860895, 0.328583, -1.423993, 0.000000, 0.000000],
    [-0.872729, 0.385445, -1.406735, 0.000000, 0.000000],
    [-0.872540, 0.386102, -1.400244, 0.000000, 0.000000],
    [-0.858975, 0.385796, -1.400607, 0.000000, 0.000000],
    [-0.859165, 0.385139, -1.407099, 0.000000, 0.000000],
    [-0.872969, 0.334067, -1.372431, 0.000000, 0.000000],
    [-0.859405, 0.333761, -1.372795, 0.000000, 0.000000],
    [-0.874409, 0.339738, -1.430872, 0.000000, 0.000000],
    [-0.860845, 0.339432, -1.431236, 0.000000, 0.000000],
    [-0.872380, 0.385472, -1.393748, 0.000000, 0.000000],
    [-0.858816, 0.385165, -1.394112, 0.000000, 0.000000],
    [-0.872400, 0.352683, -1.366871, 0.000000, 0.000000],
    [-0.858835, 0.352377, -1.367235, 0.000000, 0.000000],
    [-0.934726, 0.361497, -1.370597, 0.000000, 0.000000],
    [-0.934636, 0.367775, -1.372507, 0.000000, 0.000000],
    [-0.934588, 0.373558, -1.375598, 0.000000, 0.000000],
    [-0.934585, 0.378624, -1.379751, 0.000000, 0.000000],
    [-0.934627, 0.382779, -1.384806, 0.000000, 0.000000],
    [-0.934712, 0.385861, -1.390568, 0.000000, 0.000000],
    [-0.934837, 0.387754, -1.396817, 0.000000, 0.000000],
    [-0.934997, 0.388385, -1.403312, 0.000000, 0.000000],
    [-0.935186, 0.387728, -1.409804, 0.000000, 0.000000],
    [-0.935397, 0.385810, -1.416043, 0.000000, 0.000000],
    [-0.935621, 0.382704, -1.421789, 0.000000, 0.000000],
    [-0.935851, 0.378529, -1.426822, 0.000000, 0.000000],
    [-0.936076, 0.373446, -1.430948, 0.000000, 0.000000],
    [-0.936289, 0.367650, -1.434009, 0.000000, 0.000000],
    [-0.936481, 0.361365, -1.435886, 0.000000, 0.000000],
    [-0.936646, 0.354830, -1.436509, 0.000000, 0.000000],
    [-0.936776, 0.348299, -1.435852, 0.000000, 0.000000],
    [-0.936866, 0.342021, -1.433941, 0.000000, 0.000000],
    [-0.936914, 0.336238, -1.430850, 0.000000, 0.000000],
    [-0.936917, 0.331172, -1.426697, 0.000000, 0.000000],
    [-0.936875, 0.327017, -1.421643, 0.000000, 0.000000],
    [-0.936790, 0.323935, -1.415880, 0.000000, 0.000000],
    [-0.936665, 0.322042, -1.409631, 0.000000, 0.000000],
    [-0.936505, 0.321411, -1.403136, 0.000000, 0.000000],
    [-0.936316, 0.322068, -1.396644, 0.000000, 0.000000],
    [-0.936105, 0.323986, -1.390405, 0.000000, 0.000000],
    [-0.935881, 0.327093, -1.384659, 0.000000, 0.000000],
    [-0.935652, 0.331267, -1.379626, 0.000000, 0.000000],
    [-0.935426, 0.336350, -1.375500, 0.000000, 0.000000],
    [-0.935213, 0.342146, -1.372440, 0.000000, 0.000000],
    [-0.935021, 0.348431, -1.370562, 0.000000, 0.000000],
    [-0.934856, 0.354966, -1.369940, 0.000000, 0.000000],
    [-0.828027, 0.329985, 1.385082, 0.000000, 0.000000],
    [-0.828256, 0.325810, 1.380049, 0.000000, 0.000000],
    [-0.814692, 0.325503, 1.379685, 0.000000, 0.000000],
    [-0.814462, 0.329678, 1.384718, 0.000000, 0.000000],
    [-0.829151, 0.347016, 1.328857, 0.000000, 0.000000],
    [-0.829021, 0.353548, 1.328200, 0.000000, 0.000000],
    [-0.815457, 0.353241, 1.327836, 0.000000, 0.000000],
    [-0.815586, 0.346710, 1.328493, 0.000000, 0.000000],
    [-0.827087, 0.384579, 1.374140, 0.000000, 0.000000],
    [-0.827003, 0.381496, 1.379903, 0.000000, 0.000000],
    [-0.813438, 0.381190, 1.379539, 0.000000, 0.000000],
    [-0.813523, 0.384272, 1.373776, 0.000000, 0.000000],
    [-0.828481, 0.322704, 1.374303, 0.000000, 0.000000],
    [-0.828691, 0.320785, 1.368064, 0.000000, 0.000000],
    [-0.815127, 0.320479, 1.367700, 0.000000, 0.000000],
    [-0.814916, 0.322397, 1.373939, 0.000000, 0.000000],
    [-0.826961, 0.377342, 1.384957, 0.000000, 0.000000],
    [-0.826963, 0.372276, 1.389110, 0.000000, 0.000000],
    [-0.813399, 0.371969, 1.388746, 0.000000, 0.000000],
    [-0.813396, 0.377035, 1.384593, 0.000000, 0.000000],
    [-0.828857, 0.360082, 1.328822, 0.000000, 0.000000],
    [-0.828664, 0.366368, 1.330700, 0.000000, 0.000000],
    [-0.815100, 0.366061, 1.330336, 0.000000, 0.000000],
    [-0.815292, 0.359776, 1.328458, 0.000000, 0.000000],
    [-0.828880, 0.320129, 1.361572, 0.000000, 0.000000],
    [-0.829041, 0.320759, 1.355077, 0.000000, 0.000000],
    [-0.815476, 0.320453, 1.354713, 0.000000, 0.000000],
    [-0.815316, 0.319822, 1.361208, 0.000000, 0.000000],
    [-0.827011, 0.366493, 1.392201, 0.000000, 0.000000],
    [-0.827102, 0.360215, 1.394112, 0.000000, 0.000000],
    [-0.813537, 0.359908, 1.393748, 0.000000, 0.000000],
    [-0.813447, 0.366186, 1.391837, 0.000000, 0.000000],
    [-0.828451, 0.372163, 1.333760, 0.000000, 0.000000],
    [-0.828226, 0.377246, 1.337886, 0.000000, 0.000000],
    [-0.814661, 0.376940, 1.337522, 0.000000, 0.000000],
    [-0.814887, 0.371857, 1.333396, 0.000000, 0.000000],
    [-0.829166, 0.322652, 1.348828, 0.000000, 0.000000],
    [-0.829250, 0.325735, 1.343066, 0.000000, 0.000000],
    [-0.815686, 0.325428, 1.342702, 0.000000, 0.000000],
    [-0.815601, 0.322346, 1.348464, 0.000000, 0.000000],
    [-0.827997, 0.381421, 1.342919, 0.000000, 0.000000],
    [-0.827772, 0.384527, 1.348665, 0.000000, 0.000000],
    [-0.814208, 0.384221, 1.348301, 0.000000, 0.000000],
    [-0.814432, 0.381115, 1.342555, 0.000000, 0.000000],
    [-0.827396, 0.347149, 1.394146, 0.000000, 0.000000],
    [-0.827588, 0.340863, 1.392269, 0.000000, 0.000000],
    [-0.814024, 0.340557, 1.391905, 0.000000, 0.000000],
    [-0.813832, 0.346842, 1.393782, 0.000000, 0.000000],
    [-0.829292, 0.329889, 1.338011, 0.000000, 0.000000],
    [-0.829289, 0.334955, 1.333858, 0.000000, 0.000000],
    [-0.815724, 0.334649, 1.333494, 0.000000, 0.000000],
    [-0.815727, 0.329583, 1.337647, 0.000000, 0.000000],
    [-0.827561, 0.386445, 1.354904, 0.000000, 0.000000],
    [-0.827372, 0.387102, 1.361396, 0.000000, 0.000000],
    [-0.813808, 0.386796, 1.361032, 0.000000, 0.000000],
    [-0.813997, 0.386139, 1.354540, 0.000000, 0.000000],
    [-0.827801, 0.335067, 1.389208, 0.000000, 0.000000],
    [-0.814237, 0.334761, 1.388844, 0.000000, 0.000000],
    [-0.829242, 0.340738, 1.330767, 0.000000, 0.000000],
    [-0.815677, 0.340432, 1.330403, 0.000000, 0.000000],
    [-0.827212, 0.386472, 1.367891, 0.000000, 0.000000],
    [-0.813648, 0.386165, 1.367527, 0.000000, 0.000000],
    [-0.827232, 0.353683, 1.394768, 0.000000, 0.000000],
    [-0.813667, 0.353377, 1.394405, 0.000000, 0.000000],
    [-0.889559, 0.362497, 1.391043, 0.000000, 0.000000],
    [-0.889468, 0.368775, 1.389132, 0.000000, 0.000000],
    [-0.889421, 0.374558, 1.386041, 0.000000, 0.000000],
    [-0.889417, 0.379624, 1.381889, 0.000000, 0.000000],
    [-0.889459, 0.383779, 1.376834, 0.000000, 0.000000],
    [-0.889544, 0.386861, 1.371071, 0.000000, 0.000000],
    [-0.889669, 0.388754, 1.364822, 0.000000, 0.000000],
    [-0.889829, 0.389385, 1.358327, 0.000000, 0.000000],
    [-0.890018, 0.388728, 1.351835, 0.000000, 0.000000],
    [-0.890229, 0.386810, 1.345596, 0.000000, 0.000000],
    [-0.890453, 0.383704, 1.339850, 0.000000, 0.000000],
    [-0.890683, 0.379529, 1.334817, 0.000000, 0.000000],
    [-0.890908, 0.374446, 1.330691, 0.000000, 0.000000],
    [-0.891121, 0.368650, 1.327631, 0.000000, 0.000000],
    [-0.891313, 0.362365, 1.325753, 0.000000, 0.000000],
    [-0.891478, 0.355830, 1.325131, 0.000000, 0.000000],
    [-0.891608, 0.349299, 1.325788, 0.000000, 0.000000],
    [-0.891698, 0.343021, 1.327698, 0.000000, 0.000000],
    [-0.891746, 0.337238, 1.330789, 0.000000, 0.000000],
    [-0.891749, 0.332172, 1.334942, 0.000000, 0.000000],
    [-0.891707, 0.328017, 1.339997, 0.000000, 0.000000],
    [-0.891622, 0.324935, 1.345759, 0.000000, 0.000000],
    [-0.891497, 0.323042, 1.352008, 0.000000, 0.000000],
    [-0.891337, 0.322411, 1.358504, 0.000000, 0.000000],
    [-0.891148, 0.323068, 1.364995, 0.000000, 0.000000],
    [-0.890938, 0.324986, 1.371234, 0.000000, 0.000000],
    [-0.890713, 0.328093, 1.376980, 0.000000, 0.000000],
    [-0.890484, 0.332267, 1.382013, 0.000000, 0.000000],
    [-0.890258, 0.337350, 1.386139, 0.000000, 0.000000],
    [-0.890045, 0.343146, 1.389200, 0.000000, 0.000000],
    [-0.889853, 0.349431, 1.391077, 0.000000, 0.000000],
    [-0.889689, 0.355966, 1.391700, 0.000000, 0.000000],
    [0.816313, 0.329985, 1.385083, 0.000000, 0.000000],
    [0.802748, 0.329678, 1.384719, 0.000000, 0.000000],
    [0.802977, 0.325503, 1.379686, 0.000000, 0.000000],
    [0.816542, 0.325810, 1.380050, 0.000000, 0.000000],
    [0.817437, 0.347016, 1.328857, 0.000000, 0.000000],
    [0.803872, 0.346710, 1.328493, 0.000000, 0.000000],
    [0.803742, 0.353241, 1.327836, 0.000000, 0.000000],
    [0.817307, 0.353548, 1.328200, 0.000000, 0.000000],
    [0.815373, 0.384579, 1.374140, 0.000000, 0.000000],
    [0.801808, 0.384272, 1.373776, 0.000000, 0.000000],
    [0.801724, 0.381190, 1.379539, 0.000000, 0.000000],
    [0.815288, 0.381496, 1.379903, 0.000000, 0.000000],
    [0.816766, 0.322704, 1.374303, 0.000000, 0.000000],
    [0.803202, 0.322397, 1.373940, 0.000000, 0.000000],
    [0.803412, 0.320479, 1.367701, 0.000000, 0.000000],
    [0.816977, 0.320785, 1.368065, 0.000000, 0.000000],
    [0.815246, 0.377342, 1.384958, 0.000000, 0.000000],
    [0.801682, 0.377035, 1.384594, 0.000000, 0.000000],
    [0.801685, 0.371969, 1.388747, 0.000000, 0.000000],
    [0.815249, 0.372276, 1.389110, 0.000000, 0.000000],
    [0.817143, 0.360082, 1.328822, 0.000000, 0.000000],
    [0.803578, 0.359776, 1.328459, 0.000000, 0.000000],
    [0.803385, 0.366061, 1.330336, 0.000000, 0.000000],
    [0.816950, 0.366368, 1.330700, 0.000000, 0.000000],
    [0.817166, 0.320129, 1.361573, 0.000000, 0.000000],
    [0.803602, 0.319822, 1.361209, 0.000000, 0.000000],
    [0.803762, 0.320453, 1.354714, 0.000000, 0.000000],
    [0.817326, 0.320759, 1.355078, 0.000000, 0.000000],
    [0.815297, 0.366493, 1.392202, 0.000000, 0.000000],
    [0.801732, 0.366186, 1.391837, 0.000000, 0.000000],
    [0.801823, 0.359908, 1.393748, 0.000000, 0.000000],
    [0.815388, 0.360215, 1.394112, 0.000000, 0.000000],
    [0.816737, 0.372163, 1.333761, 0.000000, 0.000000],
    [0.803172, 0.371857, 1.333397, 0.000000, 0.000000],
    [0.802947, 0.376940, 1.337523, 0.000000, 0.000000],
    [0.816512, 0.377246, 1.337887, 0.000000, 0.000000],
    [0.817451, 0.322652, 1.348829, 0.000000, 0.000000],
    [0.803886, 0.322346, 1.348465, 0.000000, 0.000000],
    [0.803971, 0.325428, 1.342702, 0.000000, 0.000000],
    [0.817536, 0.325735, 1.343066, 0.000000, 0.000000],
    [0.816282, 0.381421, 1.342919, 0.000000, 0.000000],
    [0.802718, 0.381114, 1.342555, 0.000000, 0.000000],
    [0.802493, 0.384221, 1.348302, 0.000000, 0.000000],
    [0.816058, 0.384527, 1.348666, 0.000000, 0.000000],
    [0.815682, 0.347149, 1.394147, 0.000000, 0.000000],
    [0.802117, 0.346842, 1.393783, 0.000000, 0.000000],
    [0.802310, 0.340557, 1.391905, 0.000000, 0.000000],
    [0.815874, 0.340863, 1.392269, 0.000000, 0.000000],
    [0.817578, 0.329889, 1.338011, 0.000000, 0.000000],
    [0.804013, 0.329583, 1.337647, 0.000000, 0.000000],
    [0.804010, 0.334649, 1.333495, 0.000000, 0.000000],
    [0.817575, 0.334955, 1.333859, 0.000000, 0.000000],
    [0.815847, 0.386445, 1.354905, 0.000000, 0.000000],
    [0.802283, 0.386139, 1.354541, 0.000000, 0.000000],
    [0.802094, 0.386796, 1.361032, 0.000000, 0.000000],
    [0.815658, 0.387102, 1.361396, 0.000000, 0.000000],
    [0.816087, 0.335067, 1.389209, 0.000000, 0.000000],
    [0.802523, 0.334761, 1.388844, 0.000000, 0.000000],
    [0.817527, 0.340738, 1.330768, 0.000000, 0.000000],
    [0.803963, 0.340432, 1.330404, 0.000000, 0.000000],
    [0.815498, 0.386472, 1.367891, 0.000000, 0.000000],
    [0.801933, 0.386165, 1.367527, 0.000000, 0.000000],
    [0.801953, 0.353377, 1.394405, 0.000000, 0.000000],
    [0.815518, 0.353683, 1.394769, 0.000000, 0.000000],
    [0.877844, 0.362497, 1.391043, 0.000000, 0.000000],
    [0.877974, 0.355966, 1.391700, 0.000000, 0.000000],
    [0.878139, 0.349431, 1.391078, 0.000000, 0.000000],
    [0.878331, 0.343146, 1.389200, 0.000000, 0.000000],
    [0.878544, 0.337350, 1.386140, 0.000000, 0.000000],
    [0.878770, 0.332267, 1.382014, 0.000000, 0.000000],
    [0.878999, 0.328092, 1.376981, 0.000000, 0.000000],
    [0.879223, 0.324986, 1.371235, 0.000000, 0.000000],
    [0.879434, 0.323068, 1.364996, 0.000000, 0.000000],
    [0.879623, 0.322411, 1.358504, 0.000000, 0.000000],
    [0.879783, 0.323042, 1.352009, 0.000000, 0.000000],
    [0.879908, 0.324935, 1.345760, 0.000000, 0.000000],
    [0.879993, 0.328017, 1.339997, 0.000000, 0.000000],
    [0.880035, 0.332172, 1.334943, 0.000000, 0.000000],
    [0.880032, 0.337238, 1.330790, 0.000000, 0.000000],
    [0.879984, 0.343021, 1.327699, 0.000000, 0.000000],
    [0.879894, 0.349299, 1.325788, 0.000000, 0.000000],
    [0.879764, 0.355830, 1.325131, 0.000000, 0.000000],
    [0.879599, 0.362365, 1.325754, 0.000000, 0.000000],
    [0.879407, 0.368650, 1.327631, 0.000000, 0.000000],
    [0.879194, 0.374446, 1.330692, 0.000000, 0.000000],
    [0.878968, 0.379529, 1.334818, 0.000000, 0.000000],
    [0.878739, 0.383704, 1.339851, 0.000000, 0.000000],
    [0.878515, 0.386810, 1.345597, 0.000000, 0.000000],
    [0.878304, 0.388728, 1.351836, 0.000000, 0.000000],
    [0.878115, 0.389385, 1.358328, 0.000000, 0.000000],
    [0.877955, 0.388754, 1.364823, 0.000000, 0.000000],
    [0.877830, 0.386861, 1.371072, 0.000000, 0.000000],
    [0.877745, 0.383779, 1.376834, 0.000000, 0.000000],
    [0.877703, 0.379624, 1.381889, 0.000000, 0.000000],
    [0.877706, 0.374558, 1.386042, 0.000000, 0.000000],
    [0.877754, 0.368775, 1.389133, 0.000000, 0.000000],
    [0.865880, 0.328985, -1.376557, 0.000000, 0.000000],
    [0.852315, 0.328678, -1.376921, 0.000000, 0.000000],
    [0.852544, 0.324503, -1.381954, 0.000000, 0.000000],
    [0.866109, 0.324810, -1.381590, 0.000000, 0.000000],
    [0.867004, 0.346016, -1.432782, 0.000000, 0.000000],
    [0.853439, 0.345710, -1.433146, 0.000000, 0.000000],
    [0.853309, 0.352241, -1.433803, 0.000000, 0.000000],
    [0.866874, 0.352548, -1.433439, 0.000000, 0.000000],
    [0.864940, 0.383579, -1.387499, 0.000000, 0.000000],
    [0.851375, 0.383272, -1.387863, 0.000000, 0.000000],
    [0.851291, 0.380190, -1.382100, 0.000000, 0.000000],
    [0.864855, 0.380496, -1.381736, 0.000000, 0.000000],
    [0.866333, 0.321704, -1.387336, 0.000000, 0.000000],
    [0.852769, 0.321397, -1.387700, 0.000000, 0.000000],
    [0.852979, 0.319479, -1.393939, 0.000000, 0.000000],
    [0.866544, 0.319785, -1.393575, 0.000000, 0.000000],
    [0.864813, 0.376342, -1.376682, 0.000000, 0.000000],
    [0.851249, 0.376035, -1.377046, 0.000000, 0.000000],
    [0.851252, 0.370969, -1.372893, 0.000000, 0.000000],
    [0.864816, 0.371276, -1.372529, 0.000000, 0.000000],
    [0.866710, 0.359082, -1.432817, 0.000000, 0.000000],
    [0.853145, 0.358776, -1.433181, 0.000000, 0.000000],
    [0.852952, 0.365061, -1.431303, 0.000000, 0.000000],
    [0.866517, 0.365368, -1.430939, 0.000000, 0.000000],
    [0.866733, 0.319129, -1.400066, 0.000000, 0.000000],
    [0.853168, 0.318822, -1.400431, 0.000000, 0.000000],
    [0.853329, 0.319453, -1.406926, 0.000000, 0.000000],
    [0.866893, 0.319759, -1.406562, 0.000000, 0.000000],
    [0.864864, 0.365493, -1.369438, 0.000000, 0.000000],
    [0.851299, 0.365186, -1.369802, 0.000000, 0.000000],
    [0.851390, 0.358908, -1.367891, 0.000000, 0.000000],
    [0.864955, 0.359215, -1.367527, 0.000000, 0.000000],
    [0.866304, 0.371163, -1.427879, 0.000000, 0.000000],
    [0.852739, 0.370857, -1.428243, 0.000000, 0.000000],
    [0.852514, 0.375940, -1.424117, 0.000000, 0.000000],
    [0.866079, 0.376246, -1.423753, 0.000000, 0.000000],
    [0.867018, 0.321652, -1.412811, 0.000000, 0.000000],
    [0.853453, 0.321346, -1.413175, 0.000000, 0.000000],
    [0.853538, 0.324428, -1.418937, 0.000000, 0.000000],
    [0.867103, 0.324735, -1.418573, 0.000000, 0.000000],
    [0.865849, 0.380421, -1.418720, 0.000000, 0.000000],
    [0.852285, 0.380114, -1.419084, 0.000000, 0.000000],
    [0.852060, 0.383221, -1.413338, 0.000000, 0.000000],
    [0.865625, 0.383527, -1.412974, 0.000000, 0.000000],
    [0.865249, 0.346149, -1.367493, 0.000000, 0.000000],
    [0.851684, 0.345842, -1.367857, 0.000000, 0.000000],
    [0.851876, 0.339557, -1.369734, 0.000000, 0.000000],
    [0.865441, 0.339863, -1.369370, 0.000000, 0.000000],
    [0.867145, 0.328889, -1.423628, 0.000000, 0.000000],
    [0.853580, 0.328583, -1.423992, 0.000000, 0.000000],
    [0.853577, 0.333649, -1.428145, 0.000000, 0.000000],
    [0.867142, 0.333955, -1.427781, 0.000000, 0.000000],
    [0.865414, 0.385445, -1.406735, 0.000000, 0.000000],
    [0.851849, 0.385139, -1.407099, 0.000000, 0.000000],
    [0.851660, 0.385796, -1.400607, 0.000000, 0.000000],
    [0.865225, 0.386102, -1.400243, 0.000000, 0.000000],
    [0.865654, 0.334067, -1.372431, 0.000000, 0.000000],
    [0.852090, 0.333761, -1.372795, 0.000000, 0.000000],
    [0.867094, 0.339738, -1.430872, 0.000000, 0.000000],
    [0.853530, 0.339432, -1.431236, 0.000000, 0.000000],
    [0.865065, 0.385472, -1.393748, 0.000000, 0.000000],
    [0.851500, 0.385165, -1.394112, 0.000000, 0.000000],
    [0.851520, 0.352377, -1.367234, 0.000000, 0.000000],
    [0.865085, 0.352683, -1.366870, 0.000000, 0.000000],
    [0.927411, 0.361497, -1.370596, 0.000000, 0.000000],
    [0.927541, 0.354966, -1.369939, 0.000000, 0.000000],
    [0.927706, 0.348431, -1.370562, 0.000000, 0.000000],
    [0.927898, 0.342146, -1.372439, 0.000000, 0.000000],
    [0.928111, 0.336350, -1.375500, 0.000000, 0.000000],
    [0.928337, 0.331267, -1.379626, 0.000000, 0.000000],
    [0.928566, 0.327092, -1.384658, 0.000000, 0.000000],
    [0.928790, 0.323986, -1.390405, 0.000000, 0.000000],
    [0.929001, 0.322068, -1.396644, 0.000000, 0.000000],
    [0.929190, 0.321411, -1.403135, 0.000000, 0.000000],
    [0.929350, 0.322042, -1.409631, 0.000000, 0.000000],
    [0.929475, 0.323935, -1.415879, 0.000000, 0.000000],
    [0.929560, 0.327017, -1.421642, 0.000000, 0.000000],
    [0.929602, 0.331172, -1.426697, 0.000000, 0.000000],
    [0.929599, 0.336238, -1.430850, 0.000000, 0.000000],
    [0.929551, 0.342021, -1.433941, 0.000000, 0.000000],
    [0.929461, 0.348299, -1.435851, 0.000000, 0.000000],
    [0.929331, 0.354830, -1.436508, 0.000000, 0.000000],
    [0.929166, 0.361365, -1.435886, 0.000000, 0.000000],
    [0.928974, 0.367650, -1.434008, 0.000000, 0.000000],
    [0.928761, 0.373446, -1.430948, 0.000000, 0.000000],
    [0.928535, 0.378529, -1.426822, 0.000000, 0.000000],
    [0.928306, 0.382704, -1.421789, 0.000000, 0.000000],
    [0.928082, 0.385810, -1.416043, 0.000000, 0.000000],
    [0.927871, 0.387728, -1.409804, 0.000000, 0.000000],
    [0.927682, 0.388385, -1.403312, 0.000000, 0.000000],
    [0.927522, 0.387754, -1.396817, 0.000000, 0.000000],
    [0.927397, 0.385861, -1.390568, 0.000000, 0.000000],
    [0.927312, 0.382779, -1.384805, 0.000000, 0.000000],
    [0.927270, 0.378624, -1.379750, 0.000000, 0.000000],
    [0.927273, 0.373558, -1.375598, 0.000000, 0.000000],
    [0.927321, 0.367775, -1.372507, 0.000000, 0.000000],
]

indices = [
    0, 1, 2,
    0, 2, 3,
    4, 5, 6,
    4, 6, 7,
    8, 9, 10,
    8, 10, 11,
    12, 13, 14,
    12, 14, 15,
    16, 17, 18,
    16, 18, 19,
    20, 21, 22,
    20, 22, 23,
    24, 25, 26,
    24, 26, 27,
    28, 29, 30,
    28, 30, 31,
    32, 33, 34,
    32, 34, 35,
    36, 37, 38,
    36, 38, 39,
    40, 41, 42,
    40, 42, 43,
    44, 45, 46,
    44, 46, 47,
    48, 49, 50,
    48, 50, 51,
    52, 53, 54,
    52, 54, 55,
    56, 0, 3,
    56, 3, 57,
    58, 4, 7,
    58, 7, 59,
    60, 8, 11,
    60, 11, 61,
    1, 12, 15,
    1, 15, 2,
    9, 16, 19,
    9, 19, 10,
    5, 20, 23,
    5, 23, 6,
    13, 24, 27,
    13, 27, 14,
    17, 28, 31,
    17, 31, 18,
    21, 32, 35,
    21, 35, 22,
    25, 36, 39,
    25, 39, 26,
    29, 62, 63,
    29, 63, 30,
    33, 40, 43,
    33, 43, 34,
    62, 44, 47,
    62, 47, 63,
    37, 48, 51,
    37, 51, 38,
    41, 52, 55,
    41, 55, 42,
    45, 56, 57,
    45, 57, 46,
    49, 58, 59,
    49, 59, 50,
    53, 60, 61,
    53, 61, 54,
    64, 65, 66,
    64, 66, 67,
    64, 67, 68,
    64, 68, 69,
    64, 69, 70,
    64, 70, 71,
    64, 71, 72,
    64, 72, 73,
    64, 73, 74,
    64, 74, 75,
    64, 75, 76,
    64, 76, 77,
    64, 77, 78,
    64, 78, 79,
    64, 79, 80,
    64, 80, 81,
    64, 81, 82,
    64, 82, 83,
    64, 83, 84,
    64, 84, 85,
    64, 85, 86,
    64, 86, 87,
    64, 87, 88,
    64, 88, 89,
    64, 89, 90,
    64, 90, 91,
    64, 91, 92,
    64, 92, 93,
    64, 93, 94,
    64, 94, 95,
    96, 97, 98,
    96, 98, 99,
    100, 101, 102,
    100, 102, 103,
    104, 105, 106,
    104, 106, 107,
    108, 109, 110,
    108, 110, 111,
    112, 113, 114,
    112, 114, 115,
    116, 117, 118,
    116, 118, 119,
    120, 121, 122,
    120, 122, 123,
    124, 125, 126,
    124, 126, 127,
    128, 129, 130,
    128, 130, 131,
    132, 133, 134,
    132, 134, 135,
    136, 137, 138,
    136, 138, 139,
    140, 141, 142,
    140, 142, 143,
    144, 145, 146,
    144, 146, 147,
    148, 149, 150,
    148, 150, 151,
    152, 96, 99,
    152, 99, 153,
    154, 100, 103,
    154, 103, 155,
    156, 104, 107,
    156, 107, 157,
    97, 108, 111,
    97, 111, 98,
    105, 112, 115,
    105, 115, 106,
    101, 116, 119,
    101, 119, 102,
    109, 120, 123,
    109, 123, 110,
    113, 124, 127,
    113, 127, 114,
    117, 128, 131,
    117, 131, 118,
    121, 132, 135,
    121, 135, 122,
    125, 158, 159,
    125, 159, 126,
    129, 136, 139,
    129, 139, 130,
    158, 140, 143,
    158, 143, 159,
    133, 144, 147,
    133, 147, 134,
    137, 148, 151,
    137, 151, 138,
    141, 152, 153,
    141, 153, 142,
    145, 154, 155,
    145, 155, 146,
    149, 156, 157,
    149, 157, 150,
    160, 161, 162,
    160, 162, 163,
    160, 163, 164,
    160, 164, 165,
    160, 165, 166,
    160, 166, 167,
    160, 167, 168,
    160, 168, 169,
    160, 169, 170,
    160, 170, 171,
    160, 171, 172,
    160, 172, 173,
    160, 173, 174,
    160, 174, 175,
    160, 175, 176,
    160, 176, 177,
    160, 177, 178,
    160, 178, 179,
    160, 179, 180,
    160, 180, 181,
    160, 181, 182,
    160, 182, 183,
    160, 183, 184,
    160, 184, 185,
    160, 185, 186,
    160, 186, 187,
    160, 187, 188,
    160, 188, 189,
    160, 189, 190,
    160, 190, 191,
    192, 193, 194,
    192, 194, 195,
    196, 197, 198,
    196, 198, 199,
    200, 201, 202,
    200, 202, 203,
    204, 205, 206,
    204, 206, 207,
    208, 209, 210,
    208, 210, 211,
    212, 213, 214,
    212, 214, 215,
    216, 217, 218,
    216, 218, 219,
    220, 221, 222,
    220, 222, 223,
    224, 225, 226,
    224, 226, 227,
    228, 229, 230,
    228, 230, 231,
    232, 233, 234,
    232, 234, 235,
    236, 237, 238,
    236, 238, 239,
    240, 241, 242,
    240, 242, 243,
    244, 245, 246,
    244, 246, 247,
    248, 249, 193,
    248, 193, 192,
    250, 251, 197,
    250, 197, 196,
    252, 253, 201,
    252, 201, 200,
    195, 194, 205,
    195, 205, 204,
    203, 202, 209,
    203, 209, 208,
    199, 198, 213,
    199, 213, 212,
    207, 206, 217,
    207, 217, 216,
    211, 210, 221,
    211, 221, 220,
    215, 214, 225,
    215, 225, 224,
    219, 218, 229,
    219, 229, 228,
    223, 222, 254,
    223, 254, 255,
    227, 226, 233,
    227, 233, 232,
    255, 254, 237,
    255, 237, 236,
    231, 230, 241,
    231, 241, 240,
    235, 234, 245,
    235, 245, 244,
    239, 238, 249,
    239, 249, 248,
    243, 242, 251,
    243, 251, 250,
    247, 246, 253,
    247, 253, 252,
    256, 257, 258,
    256, 258, 259,
    256, 259, 260,
    256, 260, 261,
    256, 261, 262,
    256, 262, 263,
    256, 263, 264,
    256, 264, 265,
    256, 265, 266,
    256, 266, 267,
    256, 267, 268,
    256, 268, 269,
    256, 269, 270,
    256, 270, 271,
    256, 271, 272,
    256, 272, 273,
    256, 273, 274,
    256, 274, 275,
    256, 275, 276,
    256, 276, 277,
    256, 277, 278,
    256, 278, 279,
    256, 279, 280,
    256, 280, 281,
    256, 281, 282,
    256, 282, 283,
    256, 283, 284,
    256, 284, 285,
    256, 285, 286,
    256, 286, 287,
    288, 289, 290,
    288, 290, 291,
    292, 293, 294,
    292, 294, 295,
    296, 297, 298,
    296, 298, 299,
    300, 301, 302,
    300, 302, 303,
    304, 305, 306,
    304, 306, 307,
    308, 309, 310,
    308, 310, 311,
    312, 313, 314,
    312, 314, 315,
    316, 317, 318,
    316, 318, 319,
    320, 321, 322,
    320, 322, 323,
    324, 325, 326,
    324, 326, 327,
    328, 329, 330,
    328, 330, 331,
    332, 333, 334,
    332, 334, 335,
    336, 337, 338,
    336, 338, 339,
    340, 341, 342,
    340, 342, 343,
    344, 345, 289,
    344, 289, 288,
    346, 347, 293,
    346, 293, 292,
    348, 349, 297,
    348, 297, 296,
    291, 290, 301,
    291, 301, 300,
    299, 298, 305,
    299, 305, 304,
    295, 294, 309,
    295, 309, 308,
    303, 302, 313,
    303, 313, 312,
    307, 306, 317,
    307, 317, 316,
    311, 310, 321,
    311, 321, 320,
    315, 314, 325,
    315, 325, 324,
    319, 318, 350,
    319, 350, 351,
    323, 322, 329,
    323, 329, 328,
    351, 350, 333,
    351, 333, 332,
    327, 326, 337,
    327, 337, 336,
    331, 330, 341,
    331, 341, 340,
    335, 334, 345,
    335, 345, 344,
    339, 338, 347,
    339, 347, 346,
    343, 342, 349,
    343, 349, 348,
    352, 353, 354,
    352, 354, 355,
    352, 355, 356,
    352, 356, 357,
    352, 357, 358,
    352, 358, 359,
    352, 359, 360,
    352, 360, 361,
    352, 361, 362,
    352, 362, 363,
    352, 363, 364,
    352, 364, 365,
    352, 365, 366,
    352, 366, 367,
    352, 367, 368,
    352, 368, 369,
    352, 369, 370,
    352, 370, 371,
    352, 371, 372,
    352, 372, 373,
    352, 373, 374,
    352, 374, 375,
    352, 375, 376,
    352, 376, 377,
    352, 377, 378,
    352, 378, 379,
    352, 379, 380,
    352, 380, 381,
    352, 381, 382,
    352, 382, 383,
]
