vertices = [
    [-0.421488, 0.592423, -2.296813, 0.000000, 0.000000],
    [-0.421437, 0.592418, -2.296583, 0.000000, 0.000000],
    [-0.420099, 0.592336, -2.296878, 0.000000, 0.000000],
    [-0.420151, 0.592341, -2.297107, 0.000000, 0.000000],
    [-0.420913, 0.591381, -2.296809, 0.000000, 0.000000],
    [-0.420964, 0.591386, -2.297039, 0.000000, 0.000000],
    [-0.841345, 0.628497, -2.137244, 0.000000, 0.000000],
    [-0.840425, 0.628396, -2.137693, 0.000000, 0.000000],
    [-0.840527, 0.628399, -2.137789, 0.000000, 0.000000],
    [-0.841446, 0.628500, -2.137338, 0.000000, 0.000000],
    [-0.842870, 0.572288, -2.137216, 0.000000, 0.000000],
    [-0.842849, 0.573066, -2.137216, 0.000000, 0.000000],
    [-0.842951, 0.573069, -2.137311, 0.000000, 0.000000],
    [-0.842971, 0.572291, -2.137310, 0.000000, 0.000000],
    [-0.778121, 0.572755, -2.168690, 0.000000, 0.000000],
    [-0.841947, 0.572295, -2.137665, 0.000000, 0.000000],
    [-0.842048, 0.572297, -2.137760, 0.000000, 0.000000],
    [-0.778223, 0.572757, -2.168902, 0.000000, 0.000000],
    [-0.586124, 0.605763, -2.251068, 0.000000, 0.000000],
    [-0.556422, 0.602973, -2.261202, 0.000000, 0.000000],
    [-0.556494, 0.602984, -2.261412, 0.000000, 0.000000],
    [-0.586202, 0.605764, -2.251266, 0.000000, 0.000000],
    [-0.557002, 0.562746, -2.261403, 0.000000, 0.000000],
    [-0.586808, 0.564221, -2.251180, 0.000000, 0.000000],
    [-0.586885, 0.564222, -2.251390, 0.000000, 0.000000],
    [-0.557074, 0.562757, -2.261504, 0.000000, 0.000000],
    [-0.776835, 0.621413, -2.168714, 0.000000, 0.000000],
    [-0.692526, 0.614906, -2.208745, 0.000000, 0.000000],
    [-0.692625, 0.614908, -2.209043, 0.000000, 0.000000],
    [-0.776937, 0.621416, -2.168926, 0.000000, 0.000000],
    [-0.693565, 0.569470, -2.208714, 0.000000, 0.000000],
    [-0.693663, 0.569472, -2.209012, 0.000000, 0.000000],
    [-0.619230, 0.608680, -2.239228, 0.000000, 0.000000],
    [-0.619316, 0.608682, -2.239418, 0.000000, 0.000000],
    [-0.620023, 0.565935, -2.239490, 0.000000, 0.000000],
    [-0.620109, 0.565937, -2.239706, 0.000000, 0.000000],
    [-0.651472, 0.611408, -2.226843, 0.000000, 0.000000],
    [-0.651566, 0.611410, -2.227040, 0.000000, 0.000000],
    [-0.652361, 0.567580, -2.226820, 0.000000, 0.000000],
    [-0.652454, 0.567582, -2.227016, 0.000000, 0.000000],
    [-0.508192, 0.598846, -2.276187, 0.000000, 0.000000],
    [-0.464572, 0.595061, -2.287078, 0.000000, 0.000000],
    [-0.464625, 0.595063, -2.287319, 0.000000, 0.000000],
    [-0.508255, 0.598855, -2.276419, 0.000000, 0.000000],
    [-0.464921, 0.558837, -2.289652, 0.000000, 0.000000],
    [-0.508623, 0.560676, -2.276721, 0.000000, 0.000000],
    [-0.508686, 0.560685, -2.276876, 0.000000, 0.000000],
    [-0.464974, 0.558841, -2.289898, 0.000000, 0.000000],
    [-0.449056, 0.558301, -2.294446, 0.000000, 0.000000],
    [-0.449533, 0.558317, -2.294302, 0.000000, 0.000000],
    [-0.449583, 0.558322, -2.294550, 0.000000, 0.000000],
    [-0.449106, 0.558306, -2.294694, 0.000000, 0.000000],
    [-0.420730, 0.592139, -2.297005, 0.000000, 0.000000],
    [-0.422049, 0.592219, -2.296714, 0.000000, 0.000000],
    [-0.464605, 0.594815, -2.287332, 0.000000, 0.000000],
    [-0.508235, 0.598573, -2.276415, 0.000000, 0.000000],
    [-0.556476, 0.602697, -2.261402, 0.000000, 0.000000],
    [-0.586183, 0.605474, -2.251257, 0.000000, 0.000000],
    [-0.619295, 0.608388, -2.239408, 0.000000, 0.000000],
    [-0.651543, 0.611113, -2.227030, 0.000000, 0.000000],
    [-0.692601, 0.614606, -2.209033, 0.000000, 0.000000],
    [-0.776914, 0.621104, -2.168915, 0.000000, 0.000000],
    [-0.840163, 0.627957, -2.137946, 0.000000, 0.000000],
    [-0.841077, 0.628056, -2.137498, 0.000000, 0.000000],
    [-0.841120, 0.626503, -2.137497, 0.000000, 0.000000],
    [-0.841489, 0.626922, -2.137338, 0.000000, 0.000000],
    [-0.842580, 0.572743, -2.137470, 0.000000, 0.000000],
    [-0.841662, 0.572747, -2.137919, 0.000000, 0.000000],
    [-0.778152, 0.573031, -2.168905, 0.000000, 0.000000],
    [-0.693590, 0.569755, -2.209016, 0.000000, 0.000000],
    [-0.652379, 0.567869, -2.227021, 0.000000, 0.000000],
    [-0.620032, 0.566228, -2.239710, 0.000000, 0.000000],
    [-0.586809, 0.564517, -2.251395, 0.000000, 0.000000],
    [-0.556998, 0.563054, -2.261508, 0.000000, 0.000000],
    [-0.508610, 0.560988, -2.276877, 0.000000, 0.000000],
    [-0.464898, 0.559149, -2.289895, 0.000000, 0.000000],
    [-0.449705, 0.558638, -2.294489, 0.000000, 0.000000],
    [-0.449234, 0.558622, -2.294632, 0.000000, 0.000000],
    [-0.448839, 0.559086, -2.294664, 0.000000, 0.000000],
    [-0.448705, 0.558777, -2.294727, 0.000000, 0.000000],
    [-0.429323, 0.589130, -2.295164, 0.000000, 0.000000],
    [-0.430374, 0.589190, -2.294924, 0.000000, 0.000000],
    [-0.430374, 0.589190, -2.295254, 0.000000, 0.000000],
    [-0.429323, 0.589130, -2.295495, 0.000000, 0.000000],
    [-0.464296, 0.591136, -2.287191, 0.000000, 0.000000],
    [-0.507935, 0.594391, -2.276020, 0.000000, 0.000000],
    [-0.507935, 0.594390, -2.276351, 0.000000, 0.000000],
    [-0.464296, 0.591136, -2.287522, 0.000000, 0.000000],
    [-0.556209, 0.598440, -2.260925, 0.000000, 0.000000],
    [-0.556209, 0.598440, -2.261256, 0.000000, 0.000000],
    [-0.585901, 0.601167, -2.250787, 0.000000, 0.000000],
    [-0.585901, 0.601167, -2.251117, 0.000000, 0.000000],
    [-0.618986, 0.604025, -2.238944, 0.000000, 0.000000],
    [-0.618986, 0.604025, -2.239275, 0.000000, 0.000000],
    [-0.651216, 0.606696, -2.226550, 0.000000, 0.000000],
    [-0.651216, 0.606696, -2.226881, 0.000000, 0.000000],
    [-0.692247, 0.610121, -2.208549, 0.000000, 0.000000],
    [-0.692246, 0.610121, -2.208880, 0.000000, 0.000000],
    [-0.776569, 0.616482, -2.168433, 0.000000, 0.000000],
    [-0.776569, 0.616482, -2.168764, 0.000000, 0.000000],
    [-0.834757, 0.621395, -2.139944, 0.000000, 0.000000],
    [-0.834757, 0.621395, -2.140275, 0.000000, 0.000000],
    [-0.835599, 0.621466, -2.139532, 0.000000, 0.000000],
    [-0.835632, 0.620286, -2.139531, 0.000000, 0.000000],
    [-0.835632, 0.620286, -2.139862, 0.000000, 0.000000],
    [-0.835599, 0.621466, -2.139863, 0.000000, 0.000000],
    [-0.835920, 0.579413, -2.139932, 0.000000, 0.000000],
    [-0.835920, 0.579413, -2.140263, 0.000000, 0.000000],
    [-0.836771, 0.579446, -2.139847, 0.000000, 0.000000],
    [-0.836771, 0.579446, -2.139516, 0.000000, 0.000000],
    [-0.777105, 0.577095, -2.168622, 0.000000, 0.000000],
    [-0.692507, 0.573956, -2.208748, 0.000000, 0.000000],
    [-0.692507, 0.573955, -2.209079, 0.000000, 0.000000],
    [-0.777105, 0.577095, -2.168954, 0.000000, 0.000000],
    [-0.651264, 0.572135, -2.226757, 0.000000, 0.000000],
    [-0.651264, 0.572135, -2.227088, 0.000000, 0.000000],
    [-0.618896, 0.570545, -2.239436, 0.000000, 0.000000],
    [-0.618897, 0.570545, -2.239767, 0.000000, 0.000000],
    [-0.585667, 0.568888, -2.251122, 0.000000, 0.000000],
    [-0.585667, 0.568888, -2.251453, 0.000000, 0.000000],
    [-0.555877, 0.567475, -2.261230, 0.000000, 0.000000],
    [-0.555877, 0.567475, -2.261561, 0.000000, 0.000000],
    [-0.507487, 0.565487, -2.276560, 0.000000, 0.000000],
    [-0.507487, 0.565487, -2.276891, 0.000000, 0.000000],
    [-0.463771, 0.563720, -2.289517, 0.000000, 0.000000],
    [-0.463771, 0.563720, -2.289848, 0.000000, 0.000000],
    [-0.451513, 0.563330, -2.293267, 0.000000, 0.000000],
    [-0.451513, 0.563330, -2.293598, 0.000000, 0.000000],
    [-0.450831, 0.563675, -2.293407, 0.000000, 0.000000],
    [-0.450831, 0.563675, -2.293738, 0.000000, 0.000000],
    [-0.451133, 0.563318, -2.293714, 0.000000, 0.000000],
    [-0.451133, 0.563318, -2.293382, 0.000000, 0.000000],
    [-0.776611, 0.615103, -2.165872, 0.000000, 0.000000],
    [-0.834478, 0.619915, -2.137543, 0.000000, 0.000000],
    [-0.834446, 0.621077, -2.137543, 0.000000, 0.000000],
    [-0.776597, 0.616193, -2.165866, 0.000000, 0.000000],
    [-0.692281, 0.608832, -2.205988, 0.000000, 0.000000],
    [-0.692275, 0.609832, -2.205982, 0.000000, 0.000000],
    [-0.651247, 0.605453, -2.223990, 0.000000, 0.000000],
    [-0.651246, 0.606407, -2.223984, 0.000000, 0.000000],
    [-0.619018, 0.603736, -2.236379, 0.000000, 0.000000],
    [-0.619014, 0.602812, -2.236393, 0.000000, 0.000000],
    [-0.585934, 0.600878, -2.248220, 0.000000, 0.000000],
    [-0.585926, 0.599988, -2.248231, 0.000000, 0.000000],
    [-0.556242, 0.598151, -2.258360, 0.000000, 0.000000],
    [-0.556231, 0.597298, -2.258368, 0.000000, 0.000000],
    [-0.507953, 0.593306, -2.273478, 0.000000, 0.000000],
    [-0.507967, 0.594102, -2.273463, 0.000000, 0.000000],
    [-0.464311, 0.590093, -2.284713, 0.000000, 0.000000],
    [-0.464327, 0.590847, -2.284648, 0.000000, 0.000000],
    [-0.431578, 0.588224, -2.292198, 0.000000, 0.000000],
    [-0.430997, 0.588935, -2.292243, 0.000000, 0.000000],
    [-0.430374, 0.589191, -2.292668, 0.000000, 0.000000],
    [-0.430374, 0.589191, -2.292367, 0.000000, 0.000000],
    [-0.464296, 0.591137, -2.284634, 0.000000, 0.000000],
    [-0.464296, 0.591137, -2.284935, 0.000000, 0.000000],
    [-0.507934, 0.594392, -2.273464, 0.000000, 0.000000],
    [-0.507934, 0.594391, -2.273766, 0.000000, 0.000000],
    [-0.556209, 0.598441, -2.258368, 0.000000, 0.000000],
    [-0.556209, 0.598441, -2.258669, 0.000000, 0.000000],
    [-0.585900, 0.601168, -2.248230, 0.000000, 0.000000],
    [-0.585901, 0.601168, -2.248531, 0.000000, 0.000000],
    [-0.618985, 0.604026, -2.236388, 0.000000, 0.000000],
    [-0.618986, 0.604026, -2.236689, 0.000000, 0.000000],
    [-0.651216, 0.606697, -2.223994, 0.000000, 0.000000],
    [-0.651216, 0.606697, -2.224295, 0.000000, 0.000000],
    [-0.692247, 0.610122, -2.205992, 0.000000, 0.000000],
    [-0.692247, 0.610122, -2.206293, 0.000000, 0.000000],
    [-0.776569, 0.616483, -2.165877, 0.000000, 0.000000],
    [-0.776569, 0.616483, -2.166178, 0.000000, 0.000000],
    [-0.834757, 0.621396, -2.137387, 0.000000, 0.000000],
    [-0.835599, 0.621467, -2.136975, 0.000000, 0.000000],
    [-0.835599, 0.621467, -2.137276, 0.000000, 0.000000],
    [-0.834757, 0.621396, -2.137689, 0.000000, 0.000000],
    [-0.836755, 0.580029, -2.137261, 0.000000, 0.000000],
    [-0.836755, 0.580029, -2.136960, 0.000000, 0.000000],
    [-0.836771, 0.579447, -2.136959, 0.000000, 0.000000],
    [-0.836771, 0.579447, -2.137261, 0.000000, 0.000000],
    [-0.835920, 0.579414, -2.137676, 0.000000, 0.000000],
    [-0.835920, 0.579414, -2.137375, 0.000000, 0.000000],
    [-0.777105, 0.577096, -2.166066, 0.000000, 0.000000],
    [-0.777105, 0.577096, -2.166367, 0.000000, 0.000000],
    [-0.692507, 0.573957, -2.206191, 0.000000, 0.000000],
    [-0.692507, 0.573957, -2.206493, 0.000000, 0.000000],
    [-0.651264, 0.572136, -2.224201, 0.000000, 0.000000],
    [-0.651264, 0.572136, -2.224502, 0.000000, 0.000000],
    [-0.618896, 0.570546, -2.236880, 0.000000, 0.000000],
    [-0.618897, 0.570546, -2.237180, 0.000000, 0.000000],
    [-0.585667, 0.568889, -2.248564, 0.000000, 0.000000],
    [-0.585667, 0.568889, -2.248866, 0.000000, 0.000000],
    [-0.555877, 0.567476, -2.258673, 0.000000, 0.000000],
    [-0.555877, 0.567476, -2.258975, 0.000000, 0.000000],
    [-0.507487, 0.565488, -2.274003, 0.000000, 0.000000],
    [-0.507487, 0.565488, -2.274305, 0.000000, 0.000000],
    [-0.463772, 0.563721, -2.286960, 0.000000, 0.000000],
    [-0.463771, 0.563721, -2.287262, 0.000000, 0.000000],
    [-0.451513, 0.563331, -2.291011, 0.000000, 0.000000],
    [-0.451513, 0.563331, -2.290710, 0.000000, 0.000000],
    [-0.451133, 0.563319, -2.290826, 0.000000, 0.000000],
    [-0.451133, 0.563319, -2.291127, 0.000000, 0.000000],
    [-0.429935, 0.588406, -2.292858, 0.000000, 0.000000],
    [-0.429935, 0.588406, -2.292557, 0.000000, 0.000000],
    [-0.429323, 0.589131, -2.292607, 0.000000, 0.000000],
    [-0.429323, 0.589131, -2.292908, 0.000000, 0.000000],
    [-0.836755, 0.580028, -2.139516, 0.000000, 0.000000],
    [-0.429935, 0.588405, -2.295114, 0.000000, 0.000000],
    [-0.464335, 0.591593, -2.287498, 0.000000, 0.000000],
    [-0.429341, 0.589566, -2.295436, 0.000000, 0.000000],
    [-0.507972, 0.594910, -2.276360, 0.000000, 0.000000],
    [-0.556242, 0.598968, -2.261275, 0.000000, 0.000000],
    [-0.585935, 0.601702, -2.251134, 0.000000, 0.000000],
    [-0.619024, 0.604566, -2.239291, 0.000000, 0.000000],
    [-0.651257, 0.607244, -2.226899, 0.000000, 0.000000],
    [-0.692290, 0.610677, -2.208899, 0.000000, 0.000000],
    [-0.776612, 0.617056, -2.168783, 0.000000, 0.000000],
    [-0.835429, 0.622209, -2.139986, 0.000000, 0.000000],
    [-0.836279, 0.622284, -2.139569, 0.000000, 0.000000],
    [-0.837476, 0.579219, -2.139552, 0.000000, 0.000000],
    [-0.836755, 0.580028, -2.139848, 0.000000, 0.000000],
    [-0.837492, 0.578614, -2.139552, 0.000000, 0.000000],
    [-0.777235, 0.576590, -2.168947, 0.000000, 0.000000],
    [-0.836633, 0.578585, -2.139972, 0.000000, 0.000000],
    [-0.692641, 0.573434, -2.209072, 0.000000, 0.000000],
    [-0.651403, 0.571606, -2.227080, 0.000000, 0.000000],
    [-0.619038, 0.570009, -2.239760, 0.000000, 0.000000],
    [-0.585808, 0.568345, -2.251446, 0.000000, 0.000000],
    [-0.556016, 0.566926, -2.261555, 0.000000, 0.000000],
    [-0.507626, 0.564928, -2.276889, 0.000000, 0.000000],
    [-0.463911, 0.563153, -2.289855, 0.000000, 0.000000],
    [-0.451288, 0.562747, -2.293708, 0.000000, 0.000000],
    [-0.450897, 0.562735, -2.293828, 0.000000, 0.000000],
    [-0.428892, 0.588752, -2.295630, 0.000000, 0.000000],
    [-0.429935, 0.588405, -2.295444, 0.000000, 0.000000],
    [-0.428256, 0.589503, -2.295682, 0.000000, 0.000000],
    [-0.842559, 0.573508, -2.137470, 0.000000, 0.000000],
    [-0.421530, 0.591197, -2.296938, 0.000000, 0.000000],
    [-0.420952, 0.592373, -2.294438, 0.000000, 0.000000],
    [-0.419615, 0.592290, -2.294735, 0.000000, 0.000000],
    [-0.448655, 0.558772, -2.294480, 0.000000, 0.000000],
    [-0.448190, 0.558725, -2.292173, 0.000000, 0.000000],
    [-0.448591, 0.558253, -2.292138, 0.000000, 0.000000],
    [-0.839473, 0.628371, -2.136798, 0.000000, 0.000000],
    [-0.775881, 0.621391, -2.166734, 0.000000, 0.000000],
    [-0.841387, 0.626919, -2.137243, 0.000000, 0.000000],
    [-0.840436, 0.626894, -2.136365, 0.000000, 0.000000],
    [-0.840393, 0.628472, -2.136365, 0.000000, 0.000000],
    [-0.840996, 0.572271, -2.136770, 0.000000, 0.000000],
    [-0.841918, 0.572264, -2.136338, 0.000000, 0.000000],
    [-0.585394, 0.605750, -2.249212, 0.000000, 0.000000],
    [-0.555746, 0.602876, -2.259241, 0.000000, 0.000000],
    [-0.556339, 0.562649, -2.260455, 0.000000, 0.000000],
    [-0.586080, 0.564209, -2.249209, 0.000000, 0.000000],
    [-0.691605, 0.614887, -2.205962, 0.000000, 0.000000],
    [-0.692646, 0.569452, -2.205928, 0.000000, 0.000000],
    [-0.777168, 0.572733, -2.166710, 0.000000, 0.000000],
    [-0.618429, 0.608665, -2.237469, 0.000000, 0.000000],
    [-0.619224, 0.565921, -2.237475, 0.000000, 0.000000],
    [-0.650599, 0.611391, -2.225011, 0.000000, 0.000000],
    [-0.651491, 0.567564, -2.224984, 0.000000, 0.000000],
    [-0.507595, 0.598761, -2.274024, 0.000000, 0.000000],
    [-0.464073, 0.595043, -2.284828, 0.000000, 0.000000],
    [-0.464425, 0.558808, -2.287353, 0.000000, 0.000000],
    [-0.508040, 0.560590, -2.275274, 0.000000, 0.000000],
    [-0.449068, 0.558270, -2.291994, 0.000000, 0.000000],
    [-0.420902, 0.592368, -2.294219, 0.000000, 0.000000],
    [-0.419566, 0.592286, -2.294518, 0.000000, 0.000000],
    [-0.448143, 0.558720, -2.291939, 0.000000, 0.000000],
    [-0.448544, 0.558249, -2.291902, 0.000000, 0.000000],
    [-0.839376, 0.628368, -2.136707, 0.000000, 0.000000],
    [-0.775784, 0.621388, -2.166533, 0.000000, 0.000000],
    [-0.840339, 0.626891, -2.136275, 0.000000, 0.000000],
    [-0.840296, 0.628470, -2.136276, 0.000000, 0.000000],
    [-0.840899, 0.572268, -2.136679, 0.000000, 0.000000],
    [-0.841822, 0.572261, -2.136247, 0.000000, 0.000000],
    [-0.585320, 0.605749, -2.249022, 0.000000, 0.000000],
    [-0.555676, 0.602866, -2.259041, 0.000000, 0.000000],
    [-0.556272, 0.562640, -2.260359, 0.000000, 0.000000],
    [-0.586006, 0.564208, -2.249008, 0.000000, 0.000000],
    [-0.691511, 0.614885, -2.205679, 0.000000, 0.000000],
    [-0.692552, 0.569450, -2.205645, 0.000000, 0.000000],
    [-0.777071, 0.572730, -2.166508, 0.000000, 0.000000],
    [-0.618347, 0.608664, -2.237290, 0.000000, 0.000000],
    [-0.619142, 0.565920, -2.237270, 0.000000, 0.000000],
    [-0.650510, 0.611389, -2.224823, 0.000000, 0.000000],
    [-0.651403, 0.567562, -2.224798, 0.000000, 0.000000],
    [-0.507535, 0.598752, -2.273803, 0.000000, 0.000000],
    [-0.464022, 0.595041, -2.284600, 0.000000, 0.000000],
    [-0.464374, 0.558806, -2.287119, 0.000000, 0.000000],
    [-0.507980, 0.560581, -2.275126, 0.000000, 0.000000],
    [-0.449020, 0.558265, -2.291759, 0.000000, 0.000000],
    [-0.429964, 0.588876, -2.292478, 0.000000, 0.000000],
    [-0.835283, 0.621148, -2.137133, 0.000000, 0.000000],
    [-0.835315, 0.619985, -2.137133, 0.000000, 0.000000],
    [-0.835632, 0.620287, -2.136974, 0.000000, 0.000000],
    [-0.836438, 0.579726, -2.137119, 0.000000, 0.000000],
    [-0.835592, 0.579693, -2.137532, 0.000000, 0.000000],
    [-0.692493, 0.574248, -2.206195, 0.000000, 0.000000],
    [-0.777092, 0.577387, -2.166068, 0.000000, 0.000000],
    [-0.651248, 0.572427, -2.224205, 0.000000, 0.000000],
    [-0.618879, 0.570837, -2.236882, 0.000000, 0.000000],
    [-0.585649, 0.569180, -2.248569, 0.000000, 0.000000],
    [-0.555861, 0.567767, -2.258676, 0.000000, 0.000000],
    [-0.507470, 0.565779, -2.274000, 0.000000, 0.000000],
    [-0.463753, 0.564012, -2.286943, 0.000000, 0.000000],
    [-0.451686, 0.563628, -2.290636, 0.000000, 0.000000],
    [-0.451312, 0.563616, -2.290751, 0.000000, 0.000000],
    [-0.451016, 0.563966, -2.290774, 0.000000, 0.000000],
    [-0.450831, 0.563676, -2.290850, 0.000000, 0.000000],
    [-0.835576, 0.580266, -2.137532, 0.000000, 0.000000],
    [-0.836423, 0.580300, -2.137119, 0.000000, 0.000000],
    [-0.692490, 0.574741, -2.206192, 0.000000, 0.000000],
    [-0.777085, 0.577925, -2.166065, 0.000000, 0.000000],
    [-0.651248, 0.572898, -2.224202, 0.000000, 0.000000],
    [-0.618881, 0.571293, -2.236876, 0.000000, 0.000000],
    [-0.585653, 0.569619, -2.248563, 0.000000, 0.000000],
    [-0.555866, 0.568187, -2.258672, 0.000000, 0.000000],
    [-0.507477, 0.566171, -2.273992, 0.000000, 0.000000],
    [-0.463761, 0.564384, -2.286911, 0.000000, 0.000000],
    [-0.451399, 0.563978, -2.290658, 0.000000, 0.000000],
    [-0.835632, 0.620287, -2.137276, 0.000000, 0.000000],
    [-0.450831, 0.563676, -2.291152, 0.000000, 0.000000],
    [-0.836313, 0.621058, -2.139568, 0.000000, 0.000000],
    [-0.450584, 0.563105, -2.293853, 0.000000, 0.000000],
    [-0.420429, 0.591335, -2.294662, 0.000000, 0.000000],
    [-0.841898, 0.573042, -2.136338, 0.000000, 0.000000],
    [-0.420379, 0.591330, -2.294444, 0.000000, 0.000000],
    [-0.841801, 0.573040, -2.136248, 0.000000, 0.000000],
    [-0.430563, 0.588167, -2.292429, 0.000000, 0.000000],
    [0.426507, 0.590961, -2.290008, 0.000000, 0.000000],
    [0.425153, 0.590880, -2.290303, 0.000000, 0.000000],
    [0.425101, 0.590875, -2.290073, 0.000000, 0.000000],
    [0.426455, 0.590957, -2.289778, 0.000000, 0.000000],
    [0.425924, 0.589919, -2.290004, 0.000000, 0.000000],
    [0.425977, 0.589924, -2.290234, 0.000000, 0.000000],
    [0.845138, 0.627035, -2.130440, 0.000000, 0.000000],
    [0.845242, 0.627038, -2.130533, 0.000000, 0.000000],
    [0.844299, 0.626937, -2.130985, 0.000000, 0.000000],
    [0.844195, 0.626935, -2.130888, 0.000000, 0.000000],
    [0.846702, 0.570826, -2.130411, 0.000000, 0.000000],
    [0.846806, 0.570829, -2.130506, 0.000000, 0.000000],
    [0.846785, 0.571607, -2.130506, 0.000000, 0.000000],
    [0.846680, 0.571605, -2.130412, 0.000000, 0.000000],
    [0.789431, 0.571293, -2.161885, 0.000000, 0.000000],
    [0.789536, 0.571295, -2.162097, 0.000000, 0.000000],
    [0.845860, 0.570835, -2.130956, 0.000000, 0.000000],
    [0.845756, 0.570833, -2.130861, 0.000000, 0.000000],
    [0.593574, 0.604301, -2.244263, 0.000000, 0.000000],
    [0.593654, 0.604302, -2.244462, 0.000000, 0.000000],
    [0.563448, 0.601522, -2.254607, 0.000000, 0.000000],
    [0.563374, 0.601512, -2.254398, 0.000000, 0.000000],
    [0.563965, 0.561284, -2.254598, 0.000000, 0.000000],
    [0.564037, 0.561295, -2.254700, 0.000000, 0.000000],
    [0.594350, 0.562761, -2.244586, 0.000000, 0.000000],
    [0.594271, 0.562759, -2.244375, 0.000000, 0.000000],
    [0.788116, 0.619952, -2.161909, 0.000000, 0.000000],
    [0.788220, 0.619954, -2.162121, 0.000000, 0.000000],
    [0.702079, 0.613447, -2.202238, 0.000000, 0.000000],
    [0.701978, 0.613445, -2.201940, 0.000000, 0.000000],
    [0.703039, 0.568009, -2.201908, 0.000000, 0.000000],
    [0.703139, 0.568011, -2.202207, 0.000000, 0.000000],
    [0.627267, 0.607219, -2.232424, 0.000000, 0.000000],
    [0.627354, 0.607220, -2.232612, 0.000000, 0.000000],
    [0.628162, 0.564475, -2.232901, 0.000000, 0.000000],
    [0.628075, 0.564473, -2.232684, 0.000000, 0.000000],
    [0.660112, 0.609947, -2.220038, 0.000000, 0.000000],
    [0.660207, 0.609948, -2.220235, 0.000000, 0.000000],
    [0.661113, 0.566120, -2.220212, 0.000000, 0.000000],
    [0.661018, 0.566118, -2.220015, 0.000000, 0.000000],
    [0.514391, 0.597384, -2.269382, 0.000000, 0.000000],
    [0.514455, 0.597393, -2.269614, 0.000000, 0.000000],
    [0.470203, 0.593601, -2.280514, 0.000000, 0.000000],
    [0.470149, 0.593599, -2.280273, 0.000000, 0.000000],
    [0.470503, 0.557376, -2.282848, 0.000000, 0.000000],
    [0.470557, 0.557379, -2.283093, 0.000000, 0.000000],
    [0.514893, 0.559223, -2.270071, 0.000000, 0.000000],
    [0.514829, 0.559214, -2.269916, 0.000000, 0.000000],
    [0.454426, 0.556839, -2.287642, 0.000000, 0.000000],
    [0.454477, 0.556844, -2.287889, 0.000000, 0.000000],
    [0.454960, 0.556860, -2.287745, 0.000000, 0.000000],
    [0.454910, 0.556855, -2.287497, 0.000000, 0.000000],
    [0.425739, 0.590677, -2.290200, 0.000000, 0.000000],
    [0.427075, 0.590757, -2.289909, 0.000000, 0.000000],
    [0.470182, 0.593354, -2.280527, 0.000000, 0.000000],
    [0.514435, 0.597111, -2.269609, 0.000000, 0.000000],
    [0.563429, 0.601235, -2.254597, 0.000000, 0.000000],
    [0.593635, 0.604012, -2.244452, 0.000000, 0.000000],
    [0.627333, 0.606926, -2.232604, 0.000000, 0.000000],
    [0.660184, 0.609651, -2.220225, 0.000000, 0.000000],
    [0.702055, 0.613144, -2.202227, 0.000000, 0.000000],
    [0.788196, 0.619643, -2.162110, 0.000000, 0.000000],
    [0.843926, 0.626495, -2.131141, 0.000000, 0.000000],
    [0.844864, 0.626594, -2.130693, 0.000000, 0.000000],
    [0.845286, 0.625460, -2.130533, 0.000000, 0.000000],
    [0.844907, 0.625041, -2.130693, 0.000000, 0.000000],
    [0.846405, 0.571281, -2.130666, 0.000000, 0.000000],
    [0.845464, 0.571285, -2.131114, 0.000000, 0.000000],
    [0.789464, 0.571569, -2.162100, 0.000000, 0.000000],
    [0.703065, 0.568294, -2.202211, 0.000000, 0.000000],
    [0.661036, 0.566408, -2.220216, 0.000000, 0.000000],
    [0.628084, 0.564766, -2.232905, 0.000000, 0.000000],
    [0.594271, 0.563055, -2.244590, 0.000000, 0.000000],
    [0.563960, 0.561593, -2.254704, 0.000000, 0.000000],
    [0.514816, 0.559526, -2.270072, 0.000000, 0.000000],
    [0.470480, 0.557687, -2.283090, 0.000000, 0.000000],
    [0.455084, 0.557176, -2.287685, 0.000000, 0.000000],
    [0.454607, 0.557160, -2.287827, 0.000000, 0.000000],
    [0.454071, 0.557315, -2.287922, 0.000000, 0.000000],
    [0.454207, 0.557624, -2.287859, 0.000000, 0.000000],
    [0.434439, 0.587668, -2.288359, 0.000000, 0.000000],
    [0.434439, 0.587668, -2.288690, 0.000000, 0.000000],
    [0.435504, 0.587729, -2.288450, 0.000000, 0.000000],
    [0.435504, 0.587729, -2.288119, 0.000000, 0.000000],
    [0.469870, 0.589674, -2.280386, 0.000000, 0.000000],
    [0.469870, 0.589674, -2.280716, 0.000000, 0.000000],
    [0.514130, 0.592929, -2.269547, 0.000000, 0.000000],
    [0.514130, 0.592929, -2.269216, 0.000000, 0.000000],
    [0.563157, 0.596978, -2.254451, 0.000000, 0.000000],
    [0.563157, 0.596978, -2.254120, 0.000000, 0.000000],
    [0.593347, 0.599705, -2.244312, 0.000000, 0.000000],
    [0.593347, 0.599705, -2.243981, 0.000000, 0.000000],
    [0.627018, 0.602563, -2.232470, 0.000000, 0.000000],
    [0.627018, 0.602563, -2.232139, 0.000000, 0.000000],
    [0.659851, 0.605234, -2.220076, 0.000000, 0.000000],
    [0.659851, 0.605234, -2.219745, 0.000000, 0.000000],
    [0.701693, 0.608659, -2.202075, 0.000000, 0.000000],
    [0.701693, 0.608659, -2.201744, 0.000000, 0.000000],
    [0.787843, 0.615020, -2.161959, 0.000000, 0.000000],
    [0.787843, 0.615020, -2.161628, 0.000000, 0.000000],
    [0.838387, 0.619933, -2.133471, 0.000000, 0.000000],
    [0.838387, 0.619933, -2.133140, 0.000000, 0.000000],
    [0.839250, 0.620004, -2.132727, 0.000000, 0.000000],
    [0.839250, 0.620004, -2.133059, 0.000000, 0.000000],
    [0.839283, 0.618824, -2.133058, 0.000000, 0.000000],
    [0.839283, 0.618824, -2.132727, 0.000000, 0.000000],
    [0.839580, 0.577951, -2.133127, 0.000000, 0.000000],
    [0.840452, 0.577985, -2.132711, 0.000000, 0.000000],
    [0.840452, 0.577984, -2.133042, 0.000000, 0.000000],
    [0.839580, 0.577951, -2.133458, 0.000000, 0.000000],
    [0.788392, 0.575633, -2.161817, 0.000000, 0.000000],
    [0.788392, 0.575633, -2.162148, 0.000000, 0.000000],
    [0.701959, 0.572494, -2.202274, 0.000000, 0.000000],
    [0.701959, 0.572494, -2.201943, 0.000000, 0.000000],
    [0.659900, 0.570673, -2.219953, 0.000000, 0.000000],
    [0.659900, 0.570673, -2.220284, 0.000000, 0.000000],
    [0.626928, 0.569083, -2.232631, 0.000000, 0.000000],
    [0.626928, 0.569083, -2.232962, 0.000000, 0.000000],
    [0.593110, 0.567426, -2.244317, 0.000000, 0.000000],
    [0.593110, 0.567426, -2.244648, 0.000000, 0.000000],
    [0.562821, 0.566013, -2.254426, 0.000000, 0.000000],
    [0.562821, 0.566013, -2.254757, 0.000000, 0.000000],
    [0.513676, 0.564025, -2.270086, 0.000000, 0.000000],
    [0.513676, 0.564025, -2.269755, 0.000000, 0.000000],
    [0.469338, 0.562259, -2.283043, 0.000000, 0.000000],
    [0.469338, 0.562259, -2.282712, 0.000000, 0.000000],
    [0.456915, 0.561868, -2.286461, 0.000000, 0.000000],
    [0.456915, 0.561868, -2.286793, 0.000000, 0.000000],
    [0.456224, 0.562213, -2.286602, 0.000000, 0.000000],
    [0.456530, 0.561856, -2.286578, 0.000000, 0.000000],
    [0.456530, 0.561856, -2.286908, 0.000000, 0.000000],
    [0.456224, 0.562213, -2.286933, 0.000000, 0.000000],
    [0.787886, 0.613642, -2.159067, 0.000000, 0.000000],
    [0.787872, 0.614731, -2.159061, 0.000000, 0.000000],
    [0.838068, 0.619615, -2.130739, 0.000000, 0.000000],
    [0.838101, 0.618453, -2.130738, 0.000000, 0.000000],
    [0.701728, 0.607371, -2.199183, 0.000000, 0.000000],
    [0.701722, 0.608370, -2.199177, 0.000000, 0.000000],
    [0.659882, 0.603991, -2.217185, 0.000000, 0.000000],
    [0.659882, 0.604945, -2.217179, 0.000000, 0.000000],
    [0.627047, 0.601350, -2.229588, 0.000000, 0.000000],
    [0.627051, 0.602274, -2.229574, 0.000000, 0.000000],
    [0.593373, 0.598526, -2.241426, 0.000000, 0.000000],
    [0.593381, 0.599416, -2.241415, 0.000000, 0.000000],
    [0.563181, 0.595836, -2.251563, 0.000000, 0.000000],
    [0.563191, 0.596689, -2.251554, 0.000000, 0.000000],
    [0.514148, 0.591844, -2.266673, 0.000000, 0.000000],
    [0.514163, 0.592640, -2.266658, 0.000000, 0.000000],
    [0.469885, 0.588632, -2.277908, 0.000000, 0.000000],
    [0.469901, 0.589385, -2.277843, 0.000000, 0.000000],
    [0.436723, 0.586763, -2.285393, 0.000000, 0.000000],
    [0.436135, 0.587473, -2.285438, 0.000000, 0.000000],
    [0.435504, 0.587730, -2.285864, 0.000000, 0.000000],
    [0.469870, 0.589675, -2.278131, 0.000000, 0.000000],
    [0.469870, 0.589675, -2.277829, 0.000000, 0.000000],
    [0.435504, 0.587730, -2.285563, 0.000000, 0.000000],
    [0.514130, 0.592930, -2.266960, 0.000000, 0.000000],
    [0.514130, 0.592930, -2.266659, 0.000000, 0.000000],
    [0.563157, 0.596979, -2.251865, 0.000000, 0.000000],
    [0.563157, 0.596979, -2.251563, 0.000000, 0.000000],
    [0.593347, 0.599706, -2.241726, 0.000000, 0.000000],
    [0.593347, 0.599706, -2.241424, 0.000000, 0.000000],
    [0.627018, 0.602564, -2.229884, 0.000000, 0.000000],
    [0.627018, 0.602564, -2.229583, 0.000000, 0.000000],
    [0.659851, 0.605235, -2.217489, 0.000000, 0.000000],
    [0.659851, 0.605235, -2.217188, 0.000000, 0.000000],
    [0.701693, 0.608660, -2.199488, 0.000000, 0.000000],
    [0.701693, 0.608660, -2.199186, 0.000000, 0.000000],
    [0.787843, 0.615021, -2.159373, 0.000000, 0.000000],
    [0.787843, 0.615021, -2.159071, 0.000000, 0.000000],
    [0.838387, 0.619934, -2.130583, 0.000000, 0.000000],
    [0.838387, 0.619934, -2.130885, 0.000000, 0.000000],
    [0.839250, 0.620005, -2.130472, 0.000000, 0.000000],
    [0.839250, 0.620005, -2.130171, 0.000000, 0.000000],
    [0.840435, 0.578567, -2.130457, 0.000000, 0.000000],
    [0.840452, 0.577986, -2.130457, 0.000000, 0.000000],
    [0.840452, 0.577986, -2.130155, 0.000000, 0.000000],
    [0.840435, 0.578567, -2.130156, 0.000000, 0.000000],
    [0.839580, 0.577952, -2.130872, 0.000000, 0.000000],
    [0.788392, 0.575634, -2.159562, 0.000000, 0.000000],
    [0.788392, 0.575634, -2.159261, 0.000000, 0.000000],
    [0.839580, 0.577952, -2.130570, 0.000000, 0.000000],
    [0.701959, 0.572495, -2.199687, 0.000000, 0.000000],
    [0.701959, 0.572495, -2.199386, 0.000000, 0.000000],
    [0.659900, 0.570674, -2.217697, 0.000000, 0.000000],
    [0.659900, 0.570674, -2.217396, 0.000000, 0.000000],
    [0.626928, 0.569084, -2.230375, 0.000000, 0.000000],
    [0.626928, 0.569084, -2.230074, 0.000000, 0.000000],
    [0.593110, 0.567427, -2.242061, 0.000000, 0.000000],
    [0.593110, 0.567427, -2.241760, 0.000000, 0.000000],
    [0.562821, 0.566014, -2.252170, 0.000000, 0.000000],
    [0.562821, 0.566014, -2.251868, 0.000000, 0.000000],
    [0.513676, 0.564026, -2.267499, 0.000000, 0.000000],
    [0.513676, 0.564026, -2.267198, 0.000000, 0.000000],
    [0.469338, 0.562260, -2.280457, 0.000000, 0.000000],
    [0.469338, 0.562260, -2.280156, 0.000000, 0.000000],
    [0.456915, 0.561869, -2.284206, 0.000000, 0.000000],
    [0.456530, 0.561857, -2.284323, 0.000000, 0.000000],
    [0.456530, 0.561857, -2.284021, 0.000000, 0.000000],
    [0.456915, 0.561869, -2.283905, 0.000000, 0.000000],
    [0.435059, 0.586944, -2.286054, 0.000000, 0.000000],
    [0.434439, 0.587669, -2.286103, 0.000000, 0.000000],
    [0.434439, 0.587669, -2.285802, 0.000000, 0.000000],
    [0.435059, 0.586944, -2.285752, 0.000000, 0.000000],
    [0.840435, 0.578567, -2.132712, 0.000000, 0.000000],
    [0.435059, 0.586944, -2.288309, 0.000000, 0.000000],
    [0.434457, 0.588105, -2.288631, 0.000000, 0.000000],
    [0.469909, 0.590131, -2.280694, 0.000000, 0.000000],
    [0.514168, 0.593448, -2.269554, 0.000000, 0.000000],
    [0.563191, 0.597507, -2.254469, 0.000000, 0.000000],
    [0.593383, 0.600240, -2.244329, 0.000000, 0.000000],
    [0.627057, 0.603105, -2.232487, 0.000000, 0.000000],
    [0.659892, 0.605782, -2.220094, 0.000000, 0.000000],
    [0.701738, 0.609216, -2.202094, 0.000000, 0.000000],
    [0.787887, 0.615594, -2.161978, 0.000000, 0.000000],
    [0.839075, 0.620748, -2.133181, 0.000000, 0.000000],
    [0.839947, 0.620822, -2.132765, 0.000000, 0.000000],
    [0.841173, 0.577757, -2.132748, 0.000000, 0.000000],
    [0.841191, 0.577152, -2.132748, 0.000000, 0.000000],
    [0.840435, 0.578566, -2.133043, 0.000000, 0.000000],
    [0.840310, 0.577123, -2.133168, 0.000000, 0.000000],
    [0.788525, 0.575129, -2.162143, 0.000000, 0.000000],
    [0.702096, 0.571972, -2.202266, 0.000000, 0.000000],
    [0.660041, 0.570144, -2.220275, 0.000000, 0.000000],
    [0.627071, 0.568547, -2.232955, 0.000000, 0.000000],
    [0.593254, 0.566883, -2.244641, 0.000000, 0.000000],
    [0.562962, 0.565464, -2.254750, 0.000000, 0.000000],
    [0.513817, 0.563467, -2.270084, 0.000000, 0.000000],
    [0.469480, 0.561691, -2.283049, 0.000000, 0.000000],
    [0.456688, 0.561285, -2.286903, 0.000000, 0.000000],
    [0.456292, 0.561273, -2.287023, 0.000000, 0.000000],
    [0.434003, 0.587290, -2.288826, 0.000000, 0.000000],
    [0.433359, 0.588042, -2.288877, 0.000000, 0.000000],
    [0.435059, 0.586944, -2.288640, 0.000000, 0.000000],
    [0.846384, 0.572047, -2.130666, 0.000000, 0.000000],
    [0.426550, 0.589736, -2.290133, 0.000000, 0.000000],
    [0.424610, 0.590829, -2.287931, 0.000000, 0.000000],
    [0.425964, 0.590912, -2.287633, 0.000000, 0.000000],
    [0.454020, 0.557310, -2.287675, 0.000000, 0.000000],
    [0.453955, 0.556792, -2.285333, 0.000000, 0.000000],
    [0.453549, 0.557263, -2.285369, 0.000000, 0.000000],
    [0.843219, 0.626909, -2.129994, 0.000000, 0.000000],
    [0.787140, 0.619929, -2.159929, 0.000000, 0.000000],
    [0.845181, 0.625457, -2.130439, 0.000000, 0.000000],
    [0.844162, 0.627010, -2.129561, 0.000000, 0.000000],
    [0.844206, 0.625432, -2.129561, 0.000000, 0.000000],
    [0.845727, 0.570802, -2.129533, 0.000000, 0.000000],
    [0.844781, 0.570809, -2.129966, 0.000000, 0.000000],
    [0.562687, 0.601415, -2.252436, 0.000000, 0.000000],
    [0.592832, 0.604289, -2.242406, 0.000000, 0.000000],
    [0.593530, 0.562748, -2.242404, 0.000000, 0.000000],
    [0.563291, 0.561188, -2.253650, 0.000000, 0.000000],
    [0.701038, 0.613425, -2.199157, 0.000000, 0.000000],
    [0.788457, 0.571271, -2.159905, 0.000000, 0.000000],
    [0.702101, 0.567990, -2.199123, 0.000000, 0.000000],
    [0.626451, 0.607204, -2.230664, 0.000000, 0.000000],
    [0.627261, 0.564459, -2.230670, 0.000000, 0.000000],
    [0.659222, 0.609929, -2.218205, 0.000000, 0.000000],
    [0.660132, 0.566102, -2.218180, 0.000000, 0.000000],
    [0.469643, 0.593581, -2.278024, 0.000000, 0.000000],
    [0.513786, 0.597299, -2.267219, 0.000000, 0.000000],
    [0.514237, 0.559128, -2.268469, 0.000000, 0.000000],
    [0.470001, 0.557347, -2.280549, 0.000000, 0.000000],
    [0.454438, 0.556808, -2.285189, 0.000000, 0.000000],
    [0.424561, 0.590824, -2.287713, 0.000000, 0.000000],
    [0.425914, 0.590907, -2.287415, 0.000000, 0.000000],
    [0.453907, 0.556787, -2.285098, 0.000000, 0.000000],
    [0.453501, 0.557258, -2.285133, 0.000000, 0.000000],
    [0.787040, 0.619927, -2.159727, 0.000000, 0.000000],
    [0.843120, 0.626907, -2.129903, 0.000000, 0.000000],
    [0.844063, 0.627008, -2.129472, 0.000000, 0.000000],
    [0.844107, 0.625430, -2.129471, 0.000000, 0.000000],
    [0.845628, 0.570800, -2.129443, 0.000000, 0.000000],
    [0.844682, 0.570806, -2.129874, 0.000000, 0.000000],
    [0.562617, 0.601405, -2.252236, 0.000000, 0.000000],
    [0.592756, 0.604287, -2.242217, 0.000000, 0.000000],
    [0.593454, 0.562746, -2.242203, 0.000000, 0.000000],
    [0.563222, 0.561178, -2.253554, 0.000000, 0.000000],
    [0.700943, 0.613423, -2.198874, 0.000000, 0.000000],
    [0.788357, 0.571269, -2.159704, 0.000000, 0.000000],
    [0.702005, 0.567988, -2.198839, 0.000000, 0.000000],
    [0.626368, 0.607202, -2.230485, 0.000000, 0.000000],
    [0.627178, 0.564458, -2.230464, 0.000000, 0.000000],
    [0.659131, 0.609927, -2.218018, 0.000000, 0.000000],
    [0.660042, 0.566100, -2.217993, 0.000000, 0.000000],
    [0.469592, 0.593579, -2.277794, 0.000000, 0.000000],
    [0.513724, 0.597291, -2.266998, 0.000000, 0.000000],
    [0.514177, 0.559119, -2.268321, 0.000000, 0.000000],
    [0.469950, 0.557344, -2.280314, 0.000000, 0.000000],
    [0.454390, 0.556804, -2.284954, 0.000000, 0.000000],
    [0.435088, 0.587414, -2.285674, 0.000000, 0.000000],
    [0.838926, 0.619686, -2.130329, 0.000000, 0.000000],
    [0.839283, 0.618825, -2.130170, 0.000000, 0.000000],
    [0.838959, 0.618523, -2.130328, 0.000000, 0.000000],
    [0.840111, 0.578264, -2.130314, 0.000000, 0.000000],
    [0.839244, 0.578231, -2.130728, 0.000000, 0.000000],
    [0.701945, 0.572786, -2.199389, 0.000000, 0.000000],
    [0.788380, 0.575925, -2.159263, 0.000000, 0.000000],
    [0.659884, 0.570965, -2.217400, 0.000000, 0.000000],
    [0.626910, 0.569375, -2.230078, 0.000000, 0.000000],
    [0.593092, 0.567718, -2.241764, 0.000000, 0.000000],
    [0.562804, 0.566305, -2.251871, 0.000000, 0.000000],
    [0.513659, 0.564317, -2.267195, 0.000000, 0.000000],
    [0.469319, 0.562550, -2.280138, 0.000000, 0.000000],
    [0.457091, 0.562166, -2.283831, 0.000000, 0.000000],
    [0.456712, 0.562154, -2.283946, 0.000000, 0.000000],
    [0.456224, 0.562214, -2.284046, 0.000000, 0.000000],
    [0.456412, 0.562504, -2.283969, 0.000000, 0.000000],
    [0.840094, 0.578838, -2.130314, 0.000000, 0.000000],
    [0.839227, 0.578804, -2.130728, 0.000000, 0.000000],
    [0.788372, 0.576463, -2.159260, 0.000000, 0.000000],
    [0.701942, 0.573279, -2.199387, 0.000000, 0.000000],
    [0.659884, 0.571436, -2.217397, 0.000000, 0.000000],
    [0.626912, 0.569831, -2.230071, 0.000000, 0.000000],
    [0.593096, 0.568157, -2.241759, 0.000000, 0.000000],
    [0.562810, 0.566726, -2.251867, 0.000000, 0.000000],
    [0.513666, 0.564709, -2.267187, 0.000000, 0.000000],
    [0.469327, 0.562922, -2.280107, 0.000000, 0.000000],
    [0.456801, 0.562516, -2.283853, 0.000000, 0.000000],
    [0.839284, 0.618825, -2.130471, 0.000000, 0.000000],
    [0.456224, 0.562214, -2.284347, 0.000000, 0.000000],
    [0.839981, 0.619596, -2.132764, 0.000000, 0.000000],
    [0.455974, 0.561644, -2.287049, 0.000000, 0.000000],
    [0.425434, 0.589873, -2.287858, 0.000000, 0.000000],
    [0.845706, 0.571581, -2.129534, 0.000000, 0.000000],
    [0.425384, 0.589868, -2.287639, 0.000000, 0.000000],
    [0.845606, 0.571578, -2.129443, 0.000000, 0.000000],
    [0.435695, 0.586705, -2.285625, 0.000000, 0.000000],
]

indices = [
    0, 1, 2,
    0, 2, 3,
    4, 5, 3,
    4, 3, 2,
    6, 7, 8,
    6, 8, 9,
    10, 11, 12,
    10, 12, 13,
    14, 15, 16,
    14, 16, 17,
    18, 19, 20,
    18, 20, 21,
    22, 23, 24,
    22, 24, 25,
    26, 27, 28,
    26, 28, 29,
    30, 14, 17,
    30, 17, 31,
    32, 18, 21,
    32, 21, 33,
    23, 34, 35,
    23, 35, 24,
    36, 32, 33,
    36, 33, 37,
    34, 38, 39,
    34, 39, 35,
    40, 41, 42,
    40, 42, 43,
    44, 45, 46,
    44, 46, 47,
    19, 40, 43,
    19, 43, 20,
    45, 22, 25,
    45, 25, 46,
    48, 49, 50,
    48, 50, 51,
    27, 36, 37,
    27, 37, 28,
    38, 30, 31,
    38, 31, 39,
    52, 53, 0,
    52, 0, 3,
    54, 55, 43,
    54, 43, 42,
    55, 56, 20,
    55, 20, 43,
    56, 57, 21,
    56, 21, 20,
    57, 58, 33,
    57, 33, 21,
    58, 59, 37,
    58, 37, 33,
    59, 60, 28,
    59, 28, 37,
    60, 61, 29,
    60, 29, 28,
    62, 8, 29,
    62, 29, 61,
    63, 64, 65,
    63, 65, 9,
    66, 67, 16,
    66, 16, 13,
    68, 69, 31,
    68, 31, 17,
    69, 70, 39,
    69, 39, 31,
    70, 71, 35,
    70, 35, 39,
    71, 72, 24,
    71, 24, 35,
    72, 73, 25,
    72, 25, 24,
    73, 74, 46,
    73, 46, 25,
    74, 75, 47,
    74, 47, 46,
    76, 50, 47,
    76, 47, 75,
    77, 78, 79,
    77, 79, 51,
    80, 81, 82,
    80, 82, 83,
    84, 85, 86,
    84, 86, 87,
    85, 88, 89,
    85, 89, 86,
    88, 90, 91,
    88, 91, 89,
    90, 92, 93,
    90, 93, 91,
    92, 94, 95,
    92, 95, 93,
    94, 96, 97,
    94, 97, 95,
    96, 98, 99,
    96, 99, 97,
    98, 100, 101,
    98, 101, 99,
    102, 103, 104,
    102, 104, 105,
    106, 107, 108,
    106, 108, 109,
    110, 111, 112,
    110, 112, 113,
    114, 115, 112,
    114, 112, 111,
    116, 117, 115,
    116, 115, 114,
    118, 119, 117,
    118, 117, 116,
    120, 121, 119,
    120, 119, 118,
    120, 122, 123,
    120, 123, 121,
    122, 124, 125,
    122, 125, 123,
    126, 127, 125,
    126, 125, 124,
    128, 129, 130,
    128, 130, 131,
    132, 133, 134,
    132, 134, 135,
    136, 132, 135,
    136, 135, 137,
    138, 136, 137,
    138, 137, 139,
    138, 139, 140,
    138, 140, 141,
    141, 140, 142,
    141, 142, 143,
    143, 142, 144,
    143, 144, 145,
    146, 145, 144,
    146, 144, 147,
    148, 146, 147,
    148, 147, 149,
    150, 148, 149,
    150, 149, 151,
    152, 153, 154,
    152, 154, 155,
    155, 154, 156,
    155, 156, 157,
    157, 156, 158,
    157, 158, 159,
    158, 160, 161,
    158, 161, 159,
    160, 162, 163,
    160, 163, 161,
    162, 164, 165,
    162, 165, 163,
    164, 166, 167,
    164, 167, 165,
    167, 166, 168,
    167, 168, 169,
    170, 171, 172,
    170, 172, 173,
    174, 175, 176,
    174, 176, 177,
    178, 179, 180,
    178, 180, 181,
    181, 180, 182,
    181, 182, 183,
    183, 182, 184,
    183, 184, 185,
    185, 184, 186,
    185, 186, 187,
    187, 186, 188,
    187, 188, 189,
    189, 188, 190,
    189, 190, 191,
    191, 190, 192,
    191, 192, 193,
    193, 192, 194,
    193, 194, 195,
    196, 197, 198,
    196, 198, 199,
    200, 201, 202,
    200, 202, 203,
    152, 155, 84,
    152, 84, 81,
    155, 157, 85,
    155, 85, 84,
    157, 159, 88,
    157, 88, 85,
    159, 161, 90,
    159, 90, 88,
    161, 163, 92,
    161, 92, 90,
    163, 165, 94,
    163, 94, 92,
    165, 167, 96,
    165, 96, 94,
    167, 169, 98,
    167, 98, 96,
    173, 172, 102,
    173, 102, 100,
    204, 174, 177,
    204, 177, 109,
    106, 178, 181,
    106, 181, 110,
    110, 181, 183,
    110, 183, 111,
    111, 183, 185,
    111, 185, 114,
    114, 185, 187,
    114, 187, 116,
    116, 187, 189,
    116, 189, 118,
    118, 189, 191,
    118, 191, 120,
    120, 191, 193,
    120, 193, 122,
    122, 193, 195,
    122, 195, 124,
    126, 196, 199,
    126, 199, 131,
    205, 200, 203,
    205, 203, 80,
    82, 87, 206,
    82, 206, 207,
    206, 87, 86,
    206, 86, 208,
    208, 86, 89,
    208, 89, 209,
    209, 89, 91,
    209, 91, 210,
    210, 91, 93,
    210, 93, 211,
    211, 93, 95,
    211, 95, 212,
    212, 95, 97,
    212, 97, 213,
    213, 97, 99,
    213, 99, 214,
    215, 101, 105,
    215, 105, 216,
    217, 218, 108,
    217, 108, 219,
    107, 113, 220,
    107, 220, 221,
    220, 113, 112,
    220, 112, 222,
    222, 112, 115,
    222, 115, 223,
    115, 117, 224,
    115, 224, 223,
    117, 119, 225,
    117, 225, 224,
    119, 121, 226,
    119, 226, 225,
    226, 121, 123,
    226, 123, 227,
    227, 123, 125,
    227, 125, 228,
    229, 127, 130,
    229, 130, 230,
    231, 232, 83,
    231, 83, 233,
    207, 206, 54,
    207, 54, 53,
    54, 206, 208,
    54, 208, 55,
    55, 208, 209,
    55, 209, 56,
    56, 209, 210,
    56, 210, 57,
    57, 210, 211,
    57, 211, 58,
    58, 211, 212,
    58, 212, 59,
    59, 212, 213,
    59, 213, 60,
    60, 213, 214,
    60, 214, 61,
    62, 215, 216,
    62, 216, 63,
    234, 217, 219,
    234, 219, 66,
    221, 220, 68,
    221, 68, 67,
    220, 222, 69,
    220, 69, 68,
    222, 223, 70,
    222, 70, 69,
    223, 224, 71,
    223, 71, 70,
    224, 225, 72,
    224, 72, 71,
    225, 226, 73,
    225, 73, 72,
    226, 227, 74,
    226, 74, 73,
    227, 228, 75,
    227, 75, 74,
    76, 229, 230,
    76, 230, 77,
    235, 231, 233,
    235, 233, 52,
    1, 236, 237,
    1, 237, 2,
    238, 239, 240,
    238, 240, 48,
    241, 242, 26,
    241, 26, 7,
    243, 244, 245,
    243, 245, 6,
    15, 246, 247,
    15, 247, 10,
    18, 248, 249,
    18, 249, 19,
    22, 250, 251,
    22, 251, 23,
    26, 242, 252,
    26, 252, 27,
    30, 253, 254,
    30, 254, 14,
    255, 248, 18,
    255, 18, 32,
    23, 251, 256,
    23, 256, 34,
    257, 255, 32,
    257, 32, 36,
    34, 256, 258,
    34, 258, 38,
    40, 259, 260,
    40, 260, 41,
    44, 261, 262,
    44, 262, 45,
    19, 249, 259,
    19, 259, 40,
    45, 262, 250,
    45, 250, 22,
    263, 261, 44,
    263, 44, 49,
    27, 252, 257,
    27, 257, 36,
    258, 253, 30,
    258, 30, 38,
    236, 264, 265,
    236, 265, 237,
    239, 266, 267,
    239, 267, 240,
    241, 268, 269,
    241, 269, 242,
    244, 270, 271,
    244, 271, 245,
    246, 272, 273,
    246, 273, 247,
    248, 274, 275,
    248, 275, 249,
    250, 276, 277,
    250, 277, 251,
    242, 269, 278,
    242, 278, 252,
    253, 279, 280,
    253, 280, 254,
    255, 281, 274,
    255, 274, 248,
    251, 277, 282,
    251, 282, 256,
    257, 283, 281,
    257, 281, 255,
    256, 282, 284,
    256, 284, 258,
    259, 285, 286,
    259, 286, 260,
    261, 287, 288,
    261, 288, 262,
    249, 275, 285,
    249, 285, 259,
    262, 288, 276,
    262, 276, 250,
    263, 289, 287,
    263, 287, 261,
    252, 278, 283,
    252, 283, 257,
    258, 284, 279,
    258, 279, 253,
    290, 151, 153,
    290, 153, 202,
    147, 156, 154,
    147, 154, 149,
    144, 158, 156,
    144, 156, 147,
    142, 160, 158,
    142, 158, 144,
    140, 162, 160,
    140, 160, 142,
    139, 164, 162,
    139, 162, 140,
    137, 166, 164,
    137, 164, 139,
    135, 168, 166,
    135, 166, 137,
    134, 170, 168,
    134, 168, 135,
    291, 292, 293,
    291, 293, 171,
    294, 295, 179,
    294, 179, 176,
    296, 182, 180,
    296, 180, 297,
    298, 184, 182,
    298, 182, 296,
    299, 186, 184,
    299, 184, 298,
    300, 188, 186,
    300, 186, 299,
    301, 190, 188,
    301, 188, 300,
    302, 192, 190,
    302, 190, 301,
    303, 194, 192,
    303, 192, 302,
    304, 197, 194,
    304, 194, 303,
    305, 306, 307,
    305, 307, 198,
    4, 238, 79,
    4, 79, 5,
    243, 6, 9,
    243, 9, 65,
    64, 234, 12,
    64, 12, 65,
    52, 3, 5,
    52, 5, 235,
    103, 204, 218,
    103, 218, 104,
    80, 83, 232,
    80, 232, 205,
    133, 308, 309,
    133, 309, 292,
    136, 310, 311,
    136, 311, 132,
    138, 312, 310,
    138, 310, 136,
    141, 313, 312,
    141, 312, 138,
    143, 314, 313,
    143, 313, 141,
    145, 315, 314,
    145, 314, 143,
    146, 316, 315,
    146, 315, 145,
    148, 317, 316,
    148, 316, 146,
    318, 317, 148,
    318, 148, 150,
    319, 172, 171,
    319, 171, 293,
    200, 320, 307,
    200, 307, 201,
    103, 102, 172,
    103, 172, 319,
    128, 320, 200,
    128, 200, 205,
    321, 216, 105,
    321, 105, 104,
    322, 129, 232,
    322, 232, 231,
    64, 63, 216,
    64, 216, 321,
    78, 322, 231,
    78, 231, 235,
    2, 237, 323,
    2, 323, 4,
    243, 11, 324,
    243, 324, 244,
    237, 265, 325,
    237, 325, 323,
    244, 324, 326,
    244, 326, 270,
    292, 309, 175,
    292, 175, 293,
    290, 202, 201,
    290, 201, 327,
    0, 42, 41,
    0, 41, 1,
    49, 44, 47,
    49, 47, 50,
    53, 54, 42,
    53, 42, 0,
    77, 51, 50,
    77, 50, 76,
    81, 84, 87,
    81, 87, 82,
    131, 130, 127,
    131, 127, 126,
    151, 290, 327,
    151, 327, 150,
    152, 203, 202,
    152, 202, 153,
    195, 194, 197,
    195, 197, 196,
    81, 80, 203,
    81, 203, 152,
    124, 195, 196,
    124, 196, 126,
    207, 233, 83,
    207, 83, 82,
    228, 125, 127,
    228, 127, 229,
    53, 52, 233,
    53, 233, 207,
    75, 228, 229,
    75, 229, 76,
    1, 41, 260,
    1, 260, 236,
    49, 48, 240,
    49, 240, 263,
    236, 260, 286,
    236, 286, 264,
    263, 240, 267,
    263, 267, 289,
    151, 149, 154,
    151, 154, 153,
    305, 198, 197,
    305, 197, 304,
    318, 306, 305,
    318, 305, 304,
    11, 243, 65,
    11, 65, 12,
    235, 5, 79,
    235, 79, 78,
    128, 205, 232,
    128, 232, 129,
    174, 319, 293,
    174, 293, 175,
    204, 103, 319,
    204, 319, 174,
    217, 321, 104,
    217, 104, 218,
    64, 321, 217,
    64, 217, 234,
    238, 4, 323,
    238, 323, 239,
    239, 323, 325,
    239, 325, 266,
    327, 201, 307,
    327, 307, 306,
    48, 51, 79,
    48, 79, 238,
    66, 13, 12,
    66, 12, 234,
    204, 109, 108,
    204, 108, 218,
    308, 295, 294,
    308, 294, 309,
    310, 296, 297,
    310, 297, 311,
    312, 298, 296,
    312, 296, 310,
    313, 299, 298,
    313, 298, 312,
    314, 300, 299,
    314, 299, 313,
    315, 301, 300,
    315, 300, 314,
    316, 302, 301,
    316, 301, 315,
    317, 303, 302,
    317, 302, 316,
    304, 303, 317,
    304, 317, 318,
    199, 198, 307,
    199, 307, 320,
    131, 199, 320,
    131, 320, 128,
    322, 230, 130,
    322, 130, 129,
    78, 77, 230,
    78, 230, 322,
    11, 10, 247,
    11, 247, 324,
    324, 247, 273,
    324, 273, 326,
    294, 176, 175,
    294, 175, 309,
    150, 327, 306,
    150, 306, 318,
    7, 26, 29,
    7, 29, 8,
    10, 13, 16,
    10, 16, 15,
    63, 9, 8,
    63, 8, 62,
    67, 68, 17,
    67, 17, 16,
    100, 102, 105,
    100, 105, 101,
    106, 110, 113,
    106, 113, 107,
    292, 291, 134,
    292, 134, 133,
    173, 169, 168,
    173, 168, 170,
    177, 176, 179,
    177, 179, 178,
    100, 98, 169,
    100, 169, 173,
    109, 177, 178,
    109, 178, 106,
    214, 99, 101,
    214, 101, 215,
    221, 219, 108,
    221, 108, 107,
    61, 214, 215,
    61, 215, 62,
    67, 66, 219,
    67, 219, 221,
    7, 6, 245,
    7, 245, 241,
    14, 254, 246,
    14, 246, 15,
    241, 245, 271,
    241, 271, 268,
    246, 254, 280,
    246, 280, 272,
    291, 171, 170,
    291, 170, 134,
    295, 297, 180,
    295, 180, 179,
    132, 311, 308,
    132, 308, 133,
    308, 311, 297,
    308, 297, 295,
    328, 329, 330,
    328, 330, 331,
    332, 330, 329,
    332, 329, 333,
    334, 335, 336,
    334, 336, 337,
    338, 339, 340,
    338, 340, 341,
    342, 343, 344,
    342, 344, 345,
    346, 347, 348,
    346, 348, 349,
    350, 351, 352,
    350, 352, 353,
    354, 355, 356,
    354, 356, 357,
    358, 359, 343,
    358, 343, 342,
    360, 361, 347,
    360, 347, 346,
    353, 352, 362,
    353, 362, 363,
    364, 365, 361,
    364, 361, 360,
    363, 362, 366,
    363, 366, 367,
    368, 369, 370,
    368, 370, 371,
    372, 373, 374,
    372, 374, 375,
    349, 348, 369,
    349, 369, 368,
    375, 374, 351,
    375, 351, 350,
    376, 377, 378,
    376, 378, 379,
    357, 356, 365,
    357, 365, 364,
    367, 366, 359,
    367, 359, 358,
    380, 329, 328,
    380, 328, 381,
    382, 370, 369,
    382, 369, 383,
    383, 369, 348,
    383, 348, 384,
    384, 348, 347,
    384, 347, 385,
    385, 347, 361,
    385, 361, 386,
    386, 361, 365,
    386, 365, 387,
    387, 365, 356,
    387, 356, 388,
    388, 356, 355,
    388, 355, 389,
    390, 389, 355,
    390, 355, 336,
    391, 335, 392,
    391, 392, 393,
    394, 339, 344,
    394, 344, 395,
    396, 343, 359,
    396, 359, 397,
    397, 359, 366,
    397, 366, 398,
    398, 366, 362,
    398, 362, 399,
    399, 362, 352,
    399, 352, 400,
    400, 352, 351,
    400, 351, 401,
    401, 351, 374,
    401, 374, 402,
    402, 374, 373,
    402, 373, 403,
    404, 403, 373,
    404, 373, 378,
    405, 377, 406,
    405, 406, 407,
    408, 409, 410,
    408, 410, 411,
    412, 413, 414,
    412, 414, 415,
    415, 414, 416,
    415, 416, 417,
    417, 416, 418,
    417, 418, 419,
    419, 418, 420,
    419, 420, 421,
    421, 420, 422,
    421, 422, 423,
    423, 422, 424,
    423, 424, 425,
    425, 424, 426,
    425, 426, 427,
    427, 426, 428,
    427, 428, 429,
    430, 431, 432,
    430, 432, 433,
    434, 435, 436,
    434, 436, 437,
    438, 439, 440,
    438, 440, 441,
    442, 441, 440,
    442, 440, 443,
    444, 442, 443,
    444, 443, 445,
    446, 444, 445,
    446, 445, 447,
    448, 446, 447,
    448, 447, 449,
    448, 449, 450,
    448, 450, 451,
    451, 450, 452,
    451, 452, 453,
    454, 453, 452,
    454, 452, 455,
    456, 457, 458,
    456, 458, 459,
    460, 461, 462,
    460, 462, 463,
    464, 465, 461,
    464, 461, 460,
    466, 467, 465,
    466, 465, 464,
    466, 468, 469,
    466, 469, 467,
    468, 470, 471,
    468, 471, 469,
    470, 472, 473,
    470, 473, 471,
    474, 475, 473,
    474, 473, 472,
    476, 477, 475,
    476, 475, 474,
    478, 479, 477,
    478, 477, 476,
    480, 481, 482,
    480, 482, 483,
    481, 484, 485,
    481, 485, 482,
    484, 486, 487,
    484, 487, 485,
    487, 486, 488,
    487, 488, 489,
    489, 488, 490,
    489, 490, 491,
    491, 490, 492,
    491, 492, 493,
    493, 492, 494,
    493, 494, 495,
    494, 496, 497,
    494, 497, 495,
    498, 499, 500,
    498, 500, 501,
    502, 503, 504,
    502, 504, 505,
    506, 507, 508,
    506, 508, 509,
    507, 510, 511,
    507, 511, 508,
    510, 512, 513,
    510, 513, 511,
    512, 514, 515,
    512, 515, 513,
    514, 516, 517,
    514, 517, 515,
    516, 518, 519,
    516, 519, 517,
    518, 520, 521,
    518, 521, 519,
    520, 522, 523,
    520, 523, 521,
    524, 525, 526,
    524, 526, 527,
    528, 529, 530,
    528, 530, 531,
    480, 411, 412,
    480, 412, 481,
    481, 412, 415,
    481, 415, 484,
    484, 415, 417,
    484, 417, 486,
    486, 417, 419,
    486, 419, 488,
    488, 419, 421,
    488, 421, 490,
    490, 421, 423,
    490, 423, 492,
    492, 423, 425,
    492, 425, 494,
    494, 425, 427,
    494, 427, 496,
    499, 429, 430,
    499, 430, 500,
    532, 435, 503,
    532, 503, 502,
    434, 438, 507,
    434, 507, 506,
    438, 441, 510,
    438, 510, 507,
    441, 442, 512,
    441, 512, 510,
    442, 444, 514,
    442, 514, 512,
    444, 446, 516,
    444, 516, 514,
    446, 448, 518,
    446, 518, 516,
    448, 451, 520,
    448, 520, 518,
    451, 453, 522,
    451, 522, 520,
    454, 457, 525,
    454, 525, 524,
    533, 408, 529,
    533, 529, 528,
    410, 534, 535,
    410, 535, 413,
    535, 536, 414,
    535, 414, 413,
    536, 537, 416,
    536, 416, 414,
    537, 538, 418,
    537, 418, 416,
    538, 539, 420,
    538, 420, 418,
    539, 540, 422,
    539, 422, 420,
    540, 541, 424,
    540, 424, 422,
    541, 542, 426,
    541, 426, 424,
    543, 544, 431,
    543, 431, 428,
    545, 546, 436,
    545, 436, 547,
    437, 548, 549,
    437, 549, 439,
    549, 550, 440,
    549, 440, 439,
    550, 551, 443,
    550, 443, 440,
    443, 551, 552,
    443, 552, 445,
    445, 552, 553,
    445, 553, 447,
    447, 553, 554,
    447, 554, 449,
    554, 555, 450,
    554, 450, 449,
    555, 556, 452,
    555, 452, 450,
    557, 558, 458,
    557, 458, 455,
    559, 560, 409,
    559, 409, 561,
    534, 381, 382,
    534, 382, 535,
    382, 383, 536,
    382, 536, 535,
    383, 384, 537,
    383, 537, 536,
    384, 385, 538,
    384, 538, 537,
    385, 386, 539,
    385, 539, 538,
    386, 387, 540,
    386, 540, 539,
    387, 388, 541,
    387, 541, 540,
    388, 389, 542,
    388, 542, 541,
    390, 391, 544,
    390, 544, 543,
    562, 394, 546,
    562, 546, 545,
    548, 395, 396,
    548, 396, 549,
    549, 396, 397,
    549, 397, 550,
    550, 397, 398,
    550, 398, 551,
    551, 398, 399,
    551, 399, 552,
    552, 399, 400,
    552, 400, 553,
    553, 400, 401,
    553, 401, 554,
    554, 401, 402,
    554, 402, 555,
    555, 402, 403,
    555, 403, 556,
    404, 405, 558,
    404, 558, 557,
    563, 380, 560,
    563, 560, 559,
    331, 330, 564,
    331, 564, 565,
    566, 376, 567,
    566, 567, 568,
    569, 337, 354,
    569, 354, 570,
    571, 334, 572,
    571, 572, 573,
    345, 338, 574,
    345, 574, 575,
    346, 349, 576,
    346, 576, 577,
    350, 353, 578,
    350, 578, 579,
    354, 357, 580,
    354, 580, 570,
    358, 342, 581,
    358, 581, 582,
    583, 360, 346,
    583, 346, 577,
    353, 363, 584,
    353, 584, 578,
    585, 364, 360,
    585, 360, 583,
    363, 367, 586,
    363, 586, 584,
    368, 371, 587,
    368, 587, 588,
    372, 375, 589,
    372, 589, 590,
    349, 368, 588,
    349, 588, 576,
    375, 350, 579,
    375, 579, 589,
    591, 379, 372,
    591, 372, 590,
    357, 364, 585,
    357, 585, 580,
    586, 367, 358,
    586, 358, 582,
    565, 564, 592,
    565, 592, 593,
    568, 567, 594,
    568, 594, 595,
    569, 570, 596,
    569, 596, 597,
    573, 572, 598,
    573, 598, 599,
    575, 574, 600,
    575, 600, 601,
    577, 576, 602,
    577, 602, 603,
    579, 578, 604,
    579, 604, 605,
    570, 580, 606,
    570, 606, 596,
    582, 581, 607,
    582, 607, 608,
    583, 577, 603,
    583, 603, 609,
    578, 584, 610,
    578, 610, 604,
    585, 583, 609,
    585, 609, 611,
    584, 586, 612,
    584, 612, 610,
    588, 587, 613,
    588, 613, 614,
    590, 589, 615,
    590, 615, 616,
    576, 588, 614,
    576, 614, 602,
    589, 579, 605,
    589, 605, 615,
    591, 590, 616,
    591, 616, 617,
    580, 585, 611,
    580, 611, 606,
    586, 582, 608,
    586, 608, 612,
    618, 530, 483,
    618, 483, 479,
    475, 477, 482,
    475, 482, 485,
    473, 475, 485,
    473, 485, 487,
    471, 473, 487,
    471, 487, 489,
    469, 471, 489,
    469, 489, 491,
    467, 469, 491,
    467, 491, 493,
    465, 467, 493,
    465, 493, 495,
    461, 465, 495,
    461, 495, 497,
    462, 461, 497,
    462, 497, 498,
    619, 501, 620,
    619, 620, 621,
    622, 504, 509,
    622, 509, 623,
    624, 625, 508,
    624, 508, 511,
    626, 624, 511,
    626, 511, 513,
    627, 626, 513,
    627, 513, 515,
    628, 627, 515,
    628, 515, 517,
    629, 628, 517,
    629, 517, 519,
    630, 629, 519,
    630, 519, 521,
    631, 630, 521,
    631, 521, 523,
    632, 631, 523,
    632, 523, 527,
    633, 526, 634,
    633, 634, 635,
    332, 333, 406,
    332, 406, 566,
    571, 392, 335,
    571, 335, 334,
    393, 392, 340,
    393, 340, 562,
    380, 563, 333,
    380, 333, 329,
    433, 432, 547,
    433, 547, 532,
    408, 533, 561,
    408, 561, 409,
    463, 621, 636,
    463, 636, 637,
    464, 460, 638,
    464, 638, 639,
    466, 464, 639,
    466, 639, 640,
    468, 466, 640,
    468, 640, 641,
    470, 468, 641,
    470, 641, 642,
    472, 470, 642,
    472, 642, 643,
    474, 472, 643,
    474, 643, 644,
    476, 474, 644,
    476, 644, 645,
    646, 478, 476,
    646, 476, 645,
    647, 620, 501,
    647, 501, 500,
    528, 531, 634,
    528, 634, 648,
    433, 647, 500,
    433, 500, 430,
    456, 533, 528,
    456, 528, 648,
    649, 432, 431,
    649, 431, 544,
    650, 559, 561,
    650, 561, 459,
    393, 649, 544,
    393, 544, 391,
    407, 563, 559,
    407, 559, 650,
    330, 332, 651,
    330, 651, 564,
    571, 573, 652,
    571, 652, 341,
    564, 651, 653,
    564, 653, 592,
    573, 599, 654,
    573, 654, 652,
    621, 620, 505,
    621, 505, 636,
    618, 655, 531,
    618, 531, 530,
    328, 331, 371,
    328, 371, 370,
    379, 378, 373,
    379, 373, 372,
    381, 328, 370,
    381, 370, 382,
    405, 404, 378,
    405, 378, 377,
    411, 410, 413,
    411, 413, 412,
    457, 454, 455,
    457, 455, 458,
    479, 478, 655,
    479, 655, 618,
    480, 483, 530,
    480, 530, 529,
    522, 524, 527,
    522, 527, 523,
    411, 480, 529,
    411, 529, 408,
    453, 454, 524,
    453, 524, 522,
    534, 410, 409,
    534, 409, 560,
    556, 557, 455,
    556, 455, 452,
    381, 534, 560,
    381, 560, 380,
    403, 404, 557,
    403, 557, 556,
    331, 565, 587,
    331, 587, 371,
    379, 591, 567,
    379, 567, 376,
    565, 593, 613,
    565, 613, 587,
    591, 617, 594,
    591, 594, 567,
    479, 483, 482,
    479, 482, 477,
    633, 632, 527,
    633, 527, 526,
    646, 632, 633,
    646, 633, 635,
    341, 340, 392,
    341, 392, 571,
    563, 407, 406,
    563, 406, 333,
    456, 459, 561,
    456, 561, 533,
    502, 505, 620,
    502, 620, 647,
    532, 502, 647,
    532, 647, 433,
    545, 547, 432,
    545, 432, 649,
    393, 562, 545,
    393, 545, 649,
    566, 568, 651,
    566, 651, 332,
    568, 595, 653,
    568, 653, 651,
    655, 635, 634,
    655, 634, 531,
    376, 566, 406,
    376, 406, 377,
    394, 562, 340,
    394, 340, 339,
    532, 547, 436,
    532, 436, 435,
    637, 636, 622,
    637, 622, 623,
    639, 638, 625,
    639, 625, 624,
    640, 639, 624,
    640, 624, 626,
    641, 640, 626,
    641, 626, 627,
    642, 641, 627,
    642, 627, 628,
    643, 642, 628,
    643, 628, 629,
    644, 643, 629,
    644, 629, 630,
    645, 644, 630,
    645, 630, 631,
    632, 646, 645,
    632, 645, 631,
    525, 648, 634,
    525, 634, 526,
    457, 456, 648,
    457, 648, 525,
    650, 459, 458,
    650, 458, 558,
    407, 650, 558,
    407, 558, 405,
    341, 652, 574,
    341, 574, 338,
    652, 654, 600,
    652, 600, 574,
    622, 636, 505,
    622, 505, 504,
    478, 646, 635,
    478, 635, 655,
    337, 336, 355,
    337, 355, 354,
    338, 345, 344,
    338, 344, 339,
    391, 390, 336,
    391, 336, 335,
    395, 344, 343,
    395, 343, 396,
    429, 428, 431,
    429, 431, 430,
    434, 437, 439,
    434, 439, 438,
    621, 463, 462,
    621, 462, 619,
    499, 498, 497,
    499, 497, 496,
    503, 506, 509,
    503, 509, 504,
    429, 499, 496,
    429, 496, 427,
    435, 434, 506,
    435, 506, 503,
    542, 543, 428,
    542, 428, 426,
    548, 437, 436,
    548, 436, 546,
    389, 390, 543,
    389, 543, 542,
    395, 548, 546,
    395, 546, 394,
    337, 569, 572,
    337, 572, 334,
    342, 345, 575,
    342, 575, 581,
    569, 597, 598,
    569, 598, 572,
    575, 601, 607,
    575, 607, 581,
    619, 462, 498,
    619, 498, 501,
    623, 509, 508,
    623, 508, 625,
    460, 463, 637,
    460, 637, 638,
    637, 623, 625,
    637, 625, 638,
]
