vertices = [
    [0.727951, 0.370408, 2.080212, 0.750000, 0.783280],
    [0.727488, 0.372310, 2.080505, 0.750000, 0.781131],
    [0.683441, 0.369173, 2.103117, 0.750000, 0.790565],
    [0.683176, 0.367217, 2.103222, 0.750000, 0.791640],
    [0.683194, 0.335251, 2.102899, 0.750000, 0.794529],
    [0.683419, 0.333435, 2.102775, 0.750000, 0.793935],
    [0.727843, 0.336476, 2.079998, 0.750000, 0.787870],
    [0.728206, 0.338349, 2.079796, 0.750000, 0.789057],
    [0.641701, 0.366201, 2.124545, 0.750000, 0.799506],
    [0.640745, 0.364192, 2.125027, 0.750000, 0.799563],
    [0.778199, 0.361785, 2.053904, 0.750000, 0.795354],
    [0.730878, 0.358395, 2.078365, 0.750000, 0.796859],
    [0.731555, 0.355616, 2.077938, 0.750000, 0.800000],
    [0.779897, 0.359083, 2.052920, 0.750000, 0.800000],
    [0.770417, 0.339391, 2.058169, 0.750000, 0.782058],
    [0.771344, 0.341318, 2.057655, 0.750000, 0.783813],
    [0.634182, 0.346608, 2.128299, 0.750000, 0.799966],
    [0.681363, 0.349977, 2.103904, 0.750000, 0.799340],
    [0.681112, 0.351998, 2.104043, 0.750000, 0.800000],
    [0.633310, 0.348569, 2.128781, 0.750000, 0.800000],
    [0.681500, 0.354857, 2.103888, 0.750000, 0.798429],
    [0.634706, 0.351504, 2.128075, 0.750000, 0.799918],
    [0.638401, 0.364025, 2.126232, 0.750000, 0.800000],
    [0.632122, 0.351319, 2.129412, 0.750000, 0.800000],
    [0.770862, 0.373467, 2.058161, 0.750000, 0.775268],
    [0.772726, 0.373600, 2.057203, 0.750000, 0.774920],
    [0.771534, 0.375446, 2.057893, 0.750000, 0.771696],
    [0.769700, 0.375316, 2.058834, 0.750000, 0.772089],
    [0.780255, 0.361933, 2.052842, 0.750000, 0.795288],
    [0.781997, 0.359234, 2.051833, 0.750000, 0.800000],
    [0.772266, 0.339517, 2.057220, 0.750000, 0.781805],
    [0.773219, 0.341447, 2.056693, 0.750000, 0.783585],
    [0.630669, 0.348380, 2.130147, 0.750000, 0.800000],
    [0.731151, 0.353532, 2.078162, 0.750000, 0.798679],
    [0.778865, 0.356939, 2.053491, 0.750000, 0.798047],
    [0.631576, 0.346422, 2.129647, 0.750000, 0.800000],
    [0.638181, 0.332153, 2.126002, 0.750000, 0.800000],
    [0.640537, 0.332315, 2.124793, 0.750000, 0.799714],
    [0.780938, 0.357087, 2.052419, 0.750000, 0.798019],
    [0.638996, 0.330393, 2.125553, 0.750000, 0.800000],
    [0.641321, 0.330552, 2.124360, 0.750000, 0.799683],
    [0.639395, 0.366037, 2.125728, 0.750000, 0.800000],
    [-0.696820, 0.369173, 2.103117, 0.750000, 0.790565],
    [-0.740866, 0.372310, 2.080504, 0.750000, 0.781131],
    [-0.741330, 0.370408, 2.080212, 0.750000, 0.783280],
    [-0.696555, 0.367217, 2.103222, 0.750000, 0.791640],
    [-0.741221, 0.336476, 2.079997, 0.750000, 0.787870],
    [-0.696798, 0.333435, 2.102775, 0.750000, 0.793935],
    [-0.696572, 0.335251, 2.102899, 0.750000, 0.794529],
    [-0.741585, 0.338349, 2.079795, 0.750000, 0.789057],
    [-0.655079, 0.366201, 2.124545, 0.750000, 0.799506],
    [-0.654123, 0.364192, 2.125027, 0.750000, 0.799563],
    [-0.791578, 0.361785, 2.053904, 0.750000, 0.795354],
    [-0.793275, 0.359083, 2.052919, 0.750000, 0.800000],
    [-0.744933, 0.355616, 2.077937, 0.750000, 0.800000],
    [-0.744256, 0.358395, 2.078364, 0.750000, 0.796859],
    [-0.783795, 0.339391, 2.058168, 0.750000, 0.782058],
    [-0.784723, 0.341318, 2.057654, 0.750000, 0.783813],
    [-0.647560, 0.346608, 2.128299, 0.750000, 0.799966],
    [-0.646688, 0.348569, 2.128780, 0.750000, 0.800000],
    [-0.694491, 0.351998, 2.104042, 0.750000, 0.800000],
    [-0.694742, 0.349977, 2.103904, 0.750000, 0.799340],
    [-0.694878, 0.354857, 2.103888, 0.750000, 0.798429],
    [-0.648085, 0.351504, 2.128075, 0.750000, 0.799918],
    [-0.645501, 0.351319, 2.129411, 0.750000, 0.800000],
    [-0.651780, 0.364025, 2.126231, 0.750000, 0.800000],
    [-0.784912, 0.375446, 2.057892, 0.750000, 0.771696],
    [-0.786104, 0.373600, 2.057202, 0.750000, 0.774920],
    [-0.784240, 0.373467, 2.058160, 0.750000, 0.775268],
    [-0.783078, 0.375316, 2.058834, 0.750000, 0.772089],
    [-0.793634, 0.361933, 2.052841, 0.750000, 0.795288],
    [-0.795376, 0.359234, 2.051832, 0.750000, 0.800000],
    [-0.785645, 0.339517, 2.057220, 0.750000, 0.781805],
    [-0.786597, 0.341447, 2.056692, 0.750000, 0.783585],
    [-0.644048, 0.348380, 2.130147, 0.750000, 0.800000],
    [-0.744529, 0.353532, 2.078161, 0.750000, 0.798679],
    [-0.792243, 0.356939, 2.053491, 0.750000, 0.798047],
    [-0.651560, 0.332153, 2.126002, 0.750000, 0.800000],
    [-0.644955, 0.346422, 2.129647, 0.750000, 0.800000],
    [-0.653916, 0.332315, 2.124793, 0.750000, 0.799714],
    [-0.794316, 0.357087, 2.052419, 0.750000, 0.798019],
    [-0.652375, 0.330393, 2.125552, 0.750000, 0.800000],
    [-0.654700, 0.330552, 2.124360, 0.750000, 0.799683],
    [-0.652774, 0.366037, 2.125728, 0.750000, 0.800000],
]

indices = [
    0, 1, 2,
    0, 2, 3,
    4, 5, 6,
    4, 6, 7,
    3, 2, 8,
    3, 8, 9,
    10, 11, 12,
    10, 12, 13,
    7, 6, 14,
    7, 14, 15,
    16, 17, 18,
    16, 18, 19,
    0, 3, 20,
    0, 20, 11,
    21, 9, 22,
    21, 22, 23,
    24, 25, 26,
    24, 26, 27,
    28, 10, 13,
    28, 13, 29,
    15, 14, 30,
    15, 30, 31,
    0, 24, 27,
    0, 27, 1,
    11, 10, 24,
    11, 24, 0,
    11, 20, 18,
    11, 18, 12,
    19, 21, 23,
    19, 23, 32,
    10, 28, 25,
    10, 25, 24,
    18, 17, 33,
    18, 33, 12,
    12, 33, 34,
    12, 34, 13,
    16, 35, 36,
    16, 36, 37,
    13, 34, 38,
    13, 38, 29,
    17, 4, 7,
    17, 7, 33,
    33, 7, 15,
    33, 15, 34,
    34, 15, 31,
    34, 31, 38,
    37, 36, 39,
    37, 39, 40,
    9, 8, 41,
    9, 41, 22,
    35, 16, 19,
    35, 19, 32,
    9, 21, 20,
    9, 20, 3,
    21, 19, 18,
    21, 18, 20,
    17, 16, 37,
    17, 37, 4,
    4, 37, 40,
    4, 40, 5,
    42, 43, 44,
    42, 44, 45,
    46, 47, 48,
    46, 48, 49,
    50, 42, 45,
    50, 45, 51,
    52, 53, 54,
    52, 54, 55,
    56, 46, 49,
    56, 49, 57,
    58, 59, 60,
    58, 60, 61,
    62, 45, 44,
    62, 44, 55,
    63, 64, 65,
    63, 65, 51,
    66, 67, 68,
    66, 68, 69,
    70, 71, 53,
    70, 53, 52,
    72, 56, 57,
    72, 57, 73,
    44, 43, 69,
    44, 69, 68,
    68, 52, 55,
    68, 55, 44,
    60, 62, 55,
    60, 55, 54,
    59, 74, 64,
    59, 64, 63,
    67, 70, 52,
    67, 52, 68,
    60, 54, 75,
    60, 75, 61,
    54, 53, 76,
    54, 76, 75,
    77, 78, 58,
    77, 58, 79,
    53, 71, 80,
    53, 80, 76,
    61, 75, 49,
    61, 49, 48,
    75, 76, 57,
    75, 57, 49,
    76, 80, 73,
    76, 73, 57,
    81, 77, 79,
    81, 79, 82,
    83, 50, 51,
    83, 51, 65,
    78, 74, 59,
    78, 59, 58,
    62, 63, 51,
    62, 51, 45,
    60, 59, 63,
    60, 63, 62,
    61, 48, 79,
    61, 79, 58,
    48, 47, 82,
    48, 82, 79,
]
