vertices = [
    [0.562017, 0.682353, 2.024805, 0.949163, 0.156698],
    [0.562766, 0.684156, 2.022288, 0.948756, 0.156755],
    [0.559889, 0.684045, 2.024088, 0.949811, 0.155916],
    [0.559107, 0.682137, 2.026730, 0.949856, 0.155982],
    [0.562177, 0.680682, 2.026022, 0.949337, 0.156761],
    [0.559341, 0.680449, 2.027957, 0.949901, 0.156048],
    [0.565265, 0.682690, 2.022455, 0.948547, 0.157371],
    [0.566027, 0.684354, 2.020069, 0.948149, 0.157454],
    [0.565349, 0.681057, 2.023671, 0.948810, 0.157423],
    [0.565564, 0.674415, 2.026016, 0.949885, 0.157359],
    [0.563365, 0.678293, 2.026399, 0.949518, 0.156918],
    [0.560745, 0.678102, 2.028238, 0.949946, 0.156113],
    [0.563197, 0.674322, 2.027678, 0.949991, 0.156179],
    [0.568385, 0.674604, 2.024019, 0.949542, 0.158106],
    [0.566350, 0.678628, 2.024152, 0.949096, 0.157641],
    [0.569353, 0.679134, 2.021726, 0.948683, 0.158201],
    [0.571247, 0.674955, 2.021876, 0.949175, 0.158654],
    [0.573674, 0.675421, 2.019969, 0.948857, 0.159029],
    [0.571930, 0.679699, 2.019602, 0.948341, 0.158602],
    [0.568483, 0.681590, 2.021174, 0.948360, 0.157981],
    [0.571146, 0.682168, 2.018991, 0.948018, 0.158398],
    [0.569255, 0.684668, 2.017682, 0.947731, 0.158074],
    [0.568469, 0.683168, 2.019968, 0.948087, 0.157958],
    [0.571199, 0.683697, 2.017740, 0.947780, 0.158388],
    [0.572020, 0.685058, 2.015477, 0.947501, 0.158620],
    [0.564309, 0.687176, 2.017132, 0.947875, 0.156960],
    [0.561489, 0.687304, 2.018682, 0.948352, 0.156259],
    [0.567618, 0.687092, 2.015190, 0.947459, 0.157638],
    [0.567277, 0.692091, 2.007535, 0.946674, 0.157264],
    [0.564385, 0.692524, 2.008619, 0.946893, 0.156602],
    [0.570646, 0.691584, 2.006242, 0.946497, 0.157913],
    [0.573694, 0.687182, 2.011234, 0.946927, 0.158882],
    [0.570916, 0.687097, 2.013105, 0.947163, 0.158271],
    [0.576713, 0.690751, 2.003725, 0.946352, 0.159143],
    [0.573961, 0.691109, 2.004901, 0.946404, 0.158535],
    [0.579340, 0.697413, 1.991894, 0.945477, 0.158852],
    [0.582131, 0.696615, 1.991526, 0.945778, 0.159404],
    [0.589726, 0.704654, 1.974477, 0.945203, 0.159666],
    [0.586818, 0.705849, 1.974118, 0.944084, 0.159294],
    [0.575834, 0.698319, 1.992378, 0.945283, 0.158268],
    [0.583230, 0.707260, 1.973668, 0.943675, 0.158741],
    [0.569182, 0.700034, 1.993196, 0.945433, 0.156945],
    [0.572234, 0.699236, 1.992839, 0.945304, 0.157622],
    [0.579544, 0.708651, 1.973202, 0.943588, 0.158094],
    [0.576402, 0.709807, 1.972812, 0.943974, 0.157288],
    [0.588081, 0.719223, 1.950982, 0.941344, 0.158743],
    [0.584784, 0.720426, 1.950484, 0.941267, 0.158085],
    [0.591931, 0.717731, 1.951644, 0.941529, 0.159369],
    [0.596226, 0.728464, 1.932529, 0.938784, 0.159494],
    [0.593098, 0.729794, 1.931901, 0.938560, 0.158882],
    [0.599770, 0.726776, 1.933280, 0.939034, 0.160099],
    [0.598446, 0.714663, 1.952948, 0.942437, 0.160467],
    [0.595592, 0.716126, 1.952347, 0.941929, 0.159934],
    [0.605584, 0.723210, 1.934586, 0.939670, 0.161269],
    [0.602974, 0.724858, 1.933995, 0.939339, 0.160688],
    [0.610072, 0.733085, 1.915470, 0.936641, 0.161473],
    [0.612682, 0.731399, 1.916406, 0.936903, 0.162070],
    [0.619627, 0.738661, 1.898756, 0.934137, 0.162872],
    [0.617082, 0.740422, 1.897261, 0.933889, 0.162273],
    [0.606957, 0.735128, 1.914358, 0.936378, 0.160875],
    [0.614051, 0.742558, 1.895474, 0.933641, 0.161674],
    [0.601241, 0.738862, 1.912325, 0.935853, 0.159680],
    [0.603858, 0.737183, 1.913251, 0.936116, 0.160277],
    [0.611041, 0.744710, 1.893694, 0.933394, 0.161076],
    [0.608552, 0.746522, 1.892217, 0.933146, 0.160477],
    [0.618081, 0.751630, 1.874629, 0.493066, 0.217302],
    [0.615745, 0.753690, 1.872227, 0.493362, 0.218011],
    [0.608552, 0.746522, 1.892217, 0.490486, 0.217648],
    [0.611041, 0.744710, 1.893694, 0.490497, 0.216998],
    [0.620904, 0.749181, 1.877522, 0.492771, 0.216593],
    [0.614051, 0.742558, 1.895474, 0.490508, 0.216349],
    [0.624681, 0.757777, 1.857053, 0.495569, 0.217595],
    [0.622500, 0.760178, 1.853552, 0.496238, 0.218374],
    [0.627286, 0.754921, 1.861262, 0.494933, 0.216822],
    [0.626110, 0.744742, 1.882840, 0.492180, 0.215176],
    [0.623739, 0.746749, 1.880418, 0.492475, 0.215885],
    [0.617082, 0.740422, 1.897261, 0.490519, 0.215700],
    [0.619627, 0.738661, 1.898756, 0.490530, 0.215050],
    [0.632005, 0.749746, 1.868999, 0.493830, 0.215302],
    [0.629869, 0.752087, 1.865478, 0.494365, 0.216060],
    [0.635214, 0.756360, 1.852991, 0.496119, 0.216213],
    [0.637102, 0.753664, 1.857600, 0.495481, 0.215428],
    [0.641200, 0.756473, 1.849015, 0.497131, 0.215554],
    [0.639510, 0.759478, 1.843511, 0.497481, 0.216306],
    [0.632885, 0.759626, 1.847470, 0.496892, 0.217019],
    [0.637369, 0.763122, 1.836918, 0.498413, 0.217147],
    [0.628425, 0.765690, 1.837371, 0.499114, 0.218737],
    [0.630483, 0.762918, 1.841956, 0.497936, 0.217867],
    [0.635120, 0.766793, 1.830333, 0.499750, 0.218051],
    [0.633181, 0.769873, 1.824855, 0.501991, 0.219100],
    [0.638380, 0.769086, 1.823176, 0.500593, 0.218081],
    [0.636501, 0.772346, 1.817180, 0.502064, 0.219015],
    [0.640528, 0.765202, 1.830382, 0.499258, 0.217168],
    [0.642163, 0.770004, 1.818717, 0.500953, 0.217961],
    [0.640291, 0.773329, 1.812543, 0.502137, 0.218929],
    [0.644283, 0.766043, 1.826138, 0.499767, 0.217028],
    [0.644144, 0.758147, 1.843618, 0.497263, 0.215449],
    [0.642553, 0.761339, 1.837596, 0.498193, 0.216298],
    [0.647796, 0.758848, 1.839768, 0.497394, 0.215344],
    [0.646258, 0.762105, 1.833567, 0.498581, 0.216168],
    [0.652553, 0.761972, 1.829759, 0.498972, 0.215893],
    [0.654083, 0.758755, 1.835837, 0.497526, 0.215239],
    [0.664866, 0.758078, 1.830208, 0.497657, 0.215134],
    [0.663322, 0.761164, 1.824519, 0.499822, 0.215190],
    [0.650573, 0.765863, 1.822478, 0.500280, 0.216671],
    [0.661312, 0.764896, 1.817703, 0.501138, 0.215896],
    [0.646524, 0.773063, 1.809154, 0.502210, 0.218844],
    [0.648430, 0.769777, 1.815205, 0.501314, 0.217695],
    [0.659123, 0.768651, 1.810895, 0.502041, 0.216972],
    [0.657162, 0.771805, 1.805231, 0.502284, 0.218759],
    [0.748817, 0.759701, 1.770513, 0.510532, 0.208471],
    [0.746110, 0.761629, 1.768332, 0.510883, 0.209085],
    [0.731038, 0.763170, 1.775188, 0.509860, 0.210028],
    [0.733435, 0.761040, 1.777971, 0.509083, 0.209815],
    [0.752076, 0.757414, 1.773143, 0.510245, 0.207793],
    [0.736283, 0.758513, 1.781323, 0.508621, 0.209197],
    [0.761081, 0.758730, 1.764291, 0.511740, 0.207407],
    [0.757945, 0.760510, 1.762589, 0.511905, 0.208143],
    [0.764892, 0.756621, 1.766347, 0.511608, 0.206641],
    [0.758090, 0.753285, 1.777992, 0.509993, 0.206119],
    [0.755349, 0.755149, 1.775782, 0.510087, 0.206988],
    [0.739109, 0.756009, 1.784685, 0.508351, 0.208388],
    [0.741452, 0.753949, 1.787496, 0.508473, 0.207284],
    [0.772021, 0.752816, 1.770144, 0.511513, 0.204954],
    [0.768757, 0.754533, 1.768412, 0.511543, 0.205813],
    [0.779935, 0.754102, 1.762550, 0.512864, 0.204762],
    [0.783799, 0.752489, 1.763915, 0.513033, 0.203790],
    [0.793154, 0.752270, 1.759272, 0.514553, 0.202625],
    [0.788797, 0.753812, 1.758176, 0.513877, 0.203966],
    [0.775359, 0.756065, 1.760926, 0.512767, 0.205675],
    [0.783604, 0.755690, 1.756873, 0.513646, 0.204951],
    [0.767235, 0.759724, 1.757977, 0.512928, 0.207200],
    [0.770882, 0.758048, 1.759311, 0.512812, 0.206467],
    [0.778489, 0.757589, 1.755581, 0.513629, 0.205755],
    [0.774321, 0.759194, 1.754515, 0.513951, 0.206257],
    [0.796824, 0.777085, 1.696539, 0.520445, 0.207558],
    [0.792058, 0.778293, 1.695990, 0.519619, 0.208020],
    [0.787803, 0.768366, 1.723007, 0.514337, 0.205883],
    [0.792660, 0.767006, 1.723630, 0.516796, 0.206034],
    [0.802619, 0.775661, 1.697211, 0.520952, 0.206941],
    [0.798585, 0.765402, 1.724391, 0.517482, 0.205392],
    [0.802144, 0.789619, 1.662196, 0.525161, 0.209564],
    [0.797710, 0.790648, 1.661711, 0.524901, 0.210156],
    [0.807500, 0.788412, 1.662802, 0.525371, 0.208948],
    [0.813246, 0.773113, 1.698473, 0.520378, 0.204923],
    [0.808432, 0.774259, 1.697893, 0.520824, 0.206010],
    [0.804546, 0.763819, 1.725163, 0.517214, 0.204281],
    [0.809493, 0.762522, 1.725818, 0.515221, 0.202241],
    [0.817276, 0.786258, 1.663969, 0.525535, 0.207604],
    [0.812850, 0.787225, 1.663428, 0.525479, 0.208287],
    [0.817250, 0.801128, 1.625963, 0.530336, 0.210656],
    [0.821086, 0.800349, 1.626506, 0.530692, 0.210285],
    [0.824745, 0.813537, 1.588908, 0.535850, 0.212966],
    [0.821566, 0.814141, 1.588490, 0.534958, 0.212855],
    [0.812627, 0.802088, 1.625350, 0.530095, 0.211093],
    [0.817750, 0.814891, 1.588014, 0.534685, 0.213142],
    [0.804153, 0.803904, 1.624320, 0.530182, 0.212292],
    [0.807998, 0.803067, 1.624773, 0.530081, 0.211660],
    [0.813934, 0.815659, 1.587561, 0.534756, 0.213625],
    [0.810763, 0.816319, 1.587203, 0.535464, 0.214429],
    [0.818804, 0.825825, 1.551552, 0.538736, 0.215237],
    [0.816150, 0.826368, 1.551425, 0.538882, 0.215673],
    [0.821999, 0.825197, 1.551716, 0.538705, 0.214866],
    [0.822941, 0.833780, 1.516582, 0.542208, 0.216597],
    [0.820736, 0.834253, 1.516715, 0.542299, 0.216918],
    [0.825591, 0.833237, 1.516433, 0.542197, 0.216314],
    [0.827860, 0.824099, 1.552044, 0.539214, 0.214450],
    [0.825195, 0.824587, 1.551889, 0.538902, 0.214625],
    [0.830448, 0.832291, 1.516189, 0.542578, 0.215933],
    [0.828239, 0.832711, 1.516294, 0.542347, 0.216105],
    [0.831272, 0.838780, 1.486200, 0.545471, 0.217436],
    [0.833076, 0.838394, 1.485898, 0.545942, 0.217417],
    [0.834458, 0.842669, 1.463688, 0.549306, 0.218901],
    [0.832960, 0.843042, 1.464124, 0.547815, 0.218428],
    [0.829112, 0.839267, 1.486577, 0.545207, 0.217539],
    [0.831170, 0.843514, 1.464661, 0.547457, 0.218445],
    [0.825151, 0.840214, 1.487302, 0.545717, 0.218162],
    [0.826949, 0.839772, 1.486966, 0.545358, 0.217809],
    [0.829381, 0.844007, 1.465212, 0.547722, 0.218711],
    [0.827896, 0.844439, 1.465683, 0.549134, 0.219407],
    [0.584772, 0.640732, 2.020664, 0.183241, 0.693737],
    [0.584135, 0.640890, 2.020942, 0.183213, 0.693720],
    [0.584979, 0.640449, 2.020627, 0.183173, 0.693593],
    [0.585267, 0.640439, 2.020489, 0.183244, 0.693664],
    [0.583898, 0.641925, 2.021072, 0.183239, 0.693810],
    [0.583154, 0.642121, 2.021391, 0.183219, 0.693860],
    [0.583865, 0.640991, 2.021130, 0.183187, 0.693709],
    [0.584800, 0.640498, 2.020779, 0.183141, 0.693573],
    [0.581435, 0.644768, 2.022191, 0.183207, 0.694090],
    [0.582318, 0.644596, 2.021858, 0.183236, 0.693884],
    [0.579435, 0.649020, 2.022891, 0.183233, 0.693957],
    [0.578433, 0.649135, 2.023267, 0.183162, 0.694667],
    [0.588523, 0.639668, 2.019257, 0.182843, 0.692928],
    [0.588730, 0.639510, 2.019226, 0.182832, 0.692931],
    [0.589679, 0.639501, 2.018869, 0.182698, 0.692686],
    [0.589277, 0.639629, 2.018989, 0.182709, 0.692683],
    [0.587367, 0.639846, 2.019683, 0.182977, 0.693173],
    [0.587496, 0.639696, 2.019688, 0.182961, 0.693172],
    [0.588968, 0.639457, 2.019233, 0.182820, 0.692935],
    [0.590012, 0.639446, 2.018833, 0.182687, 0.692688],
    [0.587604, 0.639666, 2.019748, 0.182945, 0.693172],
    [0.586175, 0.640029, 2.020182, 0.183082, 0.693401],
    [0.586146, 0.640150, 2.020146, 0.183111, 0.693418],
    [0.586134, 0.640035, 2.020291, 0.183057, 0.693389],
    [0.572903, 0.684106, 2.016275, 0.947623, 0.158590],
    [0.573750, 0.685380, 2.014024, 0.947490, 0.158626],
    [0.572790, 0.682585, 2.017651, 0.947817, 0.158636],
    [0.573789, 0.684380, 2.015508, 0.947559, 0.158658],
    [0.574645, 0.685607, 2.013275, 0.947479, 0.158632],
    [0.573641, 0.682855, 2.016976, 0.947714, 0.158749],
    [0.573509, 0.680076, 2.018414, 0.948131, 0.158844],
    [0.575152, 0.675729, 2.018961, 0.948662, 0.159256],
    [0.574319, 0.680312, 2.017869, 0.948019, 0.158969],
    [0.575911, 0.675925, 2.018521, 0.948558, 0.159373],
    [0.582131, 0.696615, 1.991526, 0.888699, 0.135867],
    [0.583768, 0.696143, 1.991318, 0.888982, 0.135844],
    [0.591436, 0.703943, 1.974691, 0.890314, 0.135848],
    [0.589726, 0.704654, 1.974477, 0.889325, 0.135910],
    [0.576713, 0.690751, 2.003725, 0.888073, 0.135824],
    [0.578371, 0.690576, 2.002996, 0.888145, 0.135814],
    [0.584592, 0.695950, 1.991229, 0.889195, 0.135823],
    [0.592295, 0.703628, 1.974814, 0.890633, 0.135820],
    [0.579213, 0.690538, 2.002637, 0.888199, 0.135804],
    [0.575394, 0.687293, 2.010053, 0.887448, 0.135778],
    [0.573694, 0.687182, 2.011234, 0.887447, 0.135781],
    [0.572020, 0.685058, 2.015477, 0.886821, 0.135737],
    [0.573750, 0.685380, 2.014024, 0.886822, 0.135737],
    [0.576263, 0.687406, 2.009457, 0.887449, 0.135774],
    [0.574645, 0.685607, 2.013275, 0.886823, 0.135737],
    [0.612682, 0.731399, 1.916406, 0.897978, 0.135685],
    [0.614264, 0.730417, 1.916981, 0.897824, 0.135699],
    [0.621171, 0.737634, 1.899668, 0.900320, 0.135689],
    [0.619627, 0.738661, 1.898756, 0.900862, 0.135610],
    [0.605584, 0.723210, 1.934586, 0.895093, 0.135760],
    [0.607162, 0.722251, 1.934955, 0.895126, 0.135751],
    [0.615077, 0.729976, 1.917294, 0.897709, 0.135705],
    [0.621965, 0.737172, 1.900148, 0.900147, 0.135705],
    [0.607972, 0.721821, 1.935164, 0.895151, 0.135740],
    [0.600034, 0.713719, 1.953315, 0.892492, 0.135809],
    [0.598446, 0.714663, 1.952948, 0.892209, 0.135835],
    [0.600811, 0.713272, 1.953521, 0.892705, 0.135785],
    [0.637102, 0.753664, 1.857600, 0.905795, 0.136013],
    [0.638223, 0.752080, 1.860380, 0.905796, 0.136001],
    [0.642185, 0.754706, 1.852333, 0.907441, 0.136135],
    [0.641200, 0.756473, 1.849015, 0.907440, 0.136147],
    [0.632005, 0.749746, 1.868999, 0.904151, 0.135878],
    [0.633289, 0.748374, 1.871125, 0.904113, 0.135873],
    [0.638798, 0.751340, 1.861796, 0.905797, 0.135988],
    [0.642687, 0.753876, 1.854017, 0.907442, 0.136123],
    [0.633948, 0.747740, 1.872214, 0.904085, 0.135864],
    [0.627545, 0.743569, 1.884306, 0.902352, 0.135758],
    [0.626110, 0.744742, 1.882840, 0.902506, 0.135744],
    [0.628283, 0.743033, 1.885064, 0.902237, 0.135764],
    [0.721637, 0.754873, 1.798697, 0.491067, 0.080107],
    [0.722853, 0.753516, 1.800843, 0.491048, 0.080283],
    [0.742863, 0.752746, 1.789199, 0.491122, 0.077404],
    [0.741452, 0.753949, 1.787496, 0.491159, 0.076783],
    [0.701004, 0.755956, 1.810373, 0.490975, 0.083430],
    [0.702027, 0.754428, 1.812989, 0.490964, 0.083375],
    [0.723473, 0.752891, 1.801941, 0.491029, 0.080416],
    [0.743585, 0.752199, 1.790077, 0.491101, 0.077603],
    [0.702546, 0.753717, 1.814322, 0.490951, 0.083333],
    [0.682352, 0.755387, 1.824354, 0.490882, 0.086356],
    [0.681447, 0.757075, 1.821293, 0.490883, 0.086754],
    [0.664866, 0.758078, 1.830208, 0.490792, 0.090077],
    [0.665748, 0.756261, 1.833637, 0.490817, 0.088688],
    [0.682810, 0.754597, 1.825911, 0.490876, 0.086058],
    [0.666192, 0.755406, 1.835378, 0.490815, 0.088241],
    [0.806654, 0.756204, 1.742506, 0.491332, 0.068616],
    [0.809603, 0.755402, 1.742955, 0.491320, 0.068615],
    [0.812446, 0.761777, 1.726227, 0.491329, 0.068431],
    [0.809493, 0.762522, 1.725818, 0.491341, 0.068432],
    [0.803681, 0.753097, 1.751611, 0.491322, 0.068800],
    [0.806584, 0.752259, 1.752106, 0.491310, 0.068853],
    [0.811089, 0.755054, 1.743206, 0.491307, 0.068614],
    [0.813933, 0.761457, 1.726459, 0.491317, 0.068430],
    [0.808049, 0.751893, 1.752381, 0.491295, 0.068893],
    [0.802326, 0.751269, 1.756751, 0.491298, 0.069199],
    [0.799521, 0.752132, 1.756185, 0.491313, 0.068984],
    [0.793154, 0.752270, 1.759272, 0.491304, 0.069169],
    [0.795781, 0.751378, 1.759947, 0.491280, 0.069920],
    [0.803744, 0.750890, 1.757061, 0.491281, 0.069359],
    [0.797114, 0.750985, 1.760311, 0.491262, 0.070161],
    [0.821086, 0.800349, 1.626506, 0.554604, 0.880999],
    [0.823389, 0.799913, 1.626861, 0.554336, 0.881041],
    [0.826665, 0.813204, 1.589181, 0.559470, 0.880958],
    [0.824745, 0.813537, 1.588908, 0.560404, 0.880781],
    [0.817276, 0.786258, 1.663969, 0.548805, 0.881217],
    [0.819917, 0.785711, 1.664315, 0.548736, 0.881219],
    [0.824566, 0.799747, 1.627071, 0.554134, 0.881068],
    [0.827655, 0.813088, 1.589348, 0.559168, 0.881004],
    [0.821256, 0.785490, 1.664516, 0.548685, 0.881215],
    [0.816116, 0.772458, 1.698837, 0.543003, 0.881423],
    [0.813246, 0.773113, 1.698473, 0.543005, 0.881435],
    [0.809493, 0.762522, 1.725818, 0.537205, 0.881653],
    [0.812446, 0.761777, 1.726227, 0.537204, 0.881641],
    [0.817563, 0.772183, 1.699047, 0.543002, 0.881410],
    [0.813933, 0.761457, 1.726459, 0.537202, 0.881629],
    [0.835413, 0.847269, 1.441431, 0.575310, 0.881644],
    [0.836034, 0.847110, 1.441122, 0.575309, 0.881632],
    [0.835487, 0.847395, 1.441032, 0.575387, 0.881636],
    [0.835134, 0.847451, 1.441304, 0.575388, 0.881648],
    [0.835462, 0.846668, 1.443805, 0.575232, 0.881640],
    [0.836168, 0.846487, 1.443498, 0.575118, 0.881621],
    [0.836391, 0.847081, 1.440946, 0.575307, 0.881619],
    [0.835785, 0.847392, 1.440842, 0.575385, 0.881624],
    [0.836564, 0.846444, 1.443351, 0.575032, 0.881603],
    [0.835934, 0.845088, 1.450201, 0.574704, 0.881598],
    [0.835141, 0.845278, 1.450490, 0.575154, 0.881636],
    [0.834458, 0.842669, 1.463688, 0.575076, 0.881631],
    [0.835377, 0.842474, 1.463443, 0.573504, 0.881528],
    [0.836372, 0.845039, 1.450073, 0.574365, 0.881564],
    [0.835877, 0.842422, 1.463341, 0.572997, 0.881485],
    [0.832255, 0.848478, 1.442620, 0.773772, 0.706670],
    [0.832236, 0.848594, 1.442449, 0.773770, 0.706704],
    [0.831238, 0.848896, 1.443170, 0.773639, 0.706704],
    [0.831511, 0.848727, 1.443121, 0.773641, 0.706670],
    [0.833331, 0.848104, 1.442015, 0.773903, 0.706669],
    [0.833399, 0.848195, 1.441785, 0.773901, 0.706704],
    [0.832183, 0.848727, 1.442421, 0.773767, 0.706738],
    [0.831074, 0.849060, 1.443219, 0.773636, 0.706739],
    [0.833476, 0.848286, 1.441684, 0.773898, 0.706737],
    [0.834546, 0.847776, 1.441282, 0.774032, 0.706704],
    [0.834402, 0.847721, 1.441541, 0.774034, 0.706669],
    [0.835134, 0.847451, 1.441304, 0.774165, 0.706669],
    [0.835487, 0.847395, 1.441032, 0.774163, 0.706703],
    [0.834746, 0.847817, 1.441122, 0.774029, 0.706737],
    [0.835785, 0.847392, 1.440842, 0.774160, 0.706738],
    [0.816150, 0.826368, 1.551425, 0.138381, 0.253224],
    [0.814577, 0.826723, 1.551365, 0.138485, 0.252984],
    [0.808882, 0.816746, 1.587009, 0.139679, 0.248874],
    [0.810763, 0.816319, 1.587203, 0.139286, 0.249700],
    [0.820736, 0.834253, 1.516715, 0.137475, 0.256747],
    [0.819432, 0.834565, 1.516809, 0.137521, 0.256576],
    [0.824091, 0.840508, 1.487518, 0.136670, 0.259835],
    [0.825151, 0.840214, 1.487302, 0.136570, 0.260271],
    [0.827896, 0.844439, 1.465683, 0.135664, 0.263794],
    [0.827027, 0.844728, 1.465981, 0.136041, 0.262280],
    [0.792058, 0.778293, 1.695990, 0.144772, 0.233495],
    [0.789254, 0.779051, 1.695678, 0.144761, 0.233490],
    [0.784954, 0.769214, 1.722650, 0.146590, 0.228088],
    [0.787803, 0.768366, 1.723007, 0.146601, 0.228093],
    [0.797710, 0.790648, 1.661711, 0.142944, 0.238897],
    [0.795086, 0.791297, 1.661440, 0.142961, 0.238833],
    [0.801871, 0.804438, 1.624074, 0.141219, 0.244059],
    [0.804153, 0.803904, 1.624320, 0.141115, 0.244299],
    [0.746110, 0.761629, 1.768332, 0.104507, 0.922469],
    [0.744495, 0.762819, 1.767040, 0.104527, 0.922657],
    [0.729595, 0.764481, 1.773534, 0.104485, 0.924528],
    [0.731038, 0.763170, 1.775188, 0.104445, 0.923869],
    [0.757945, 0.760510, 1.762589, 0.104568, 0.921069],
    [0.756087, 0.761610, 1.761584, 0.104581, 0.921155],
    [0.765090, 0.760762, 1.757193, 0.104635, 0.919826],
    [0.767235, 0.759724, 1.757977, 0.104630, 0.919669],
    [0.774321, 0.759194, 1.754515, 0.104691, 0.918269],
    [0.771884, 0.760189, 1.753892, 0.104679, 0.918819],
    [0.636501, 0.772346, 1.817180, 0.104446, 0.935888],
    [0.635347, 0.774335, 1.813598, 0.104458, 0.935888],
    [0.632001, 0.771752, 1.821583, 0.104456, 0.936019],
    [0.633181, 0.769873, 1.824855, 0.104444, 0.936020],
    [0.640291, 0.773329, 1.812543, 0.104447, 0.935756],
    [0.639134, 0.775357, 1.808854, 0.104459, 0.935670],
    [0.645339, 0.775067, 1.805538, 0.104460, 0.935278],
    [0.646524, 0.773063, 1.809154, 0.104449, 0.935625],
    [0.657162, 0.771805, 1.805231, 0.104450, 0.935493],
    [0.655937, 0.773731, 1.801849, 0.104461, 0.934279],
    [0.615745, 0.753690, 1.872227, 0.110043, 0.315017],
    [0.614360, 0.754957, 1.870799, 0.110063, 0.315027],
    [0.607076, 0.747640, 1.891344, 0.109972, 0.312153],
    [0.608552, 0.746522, 1.892217, 0.109875, 0.312119],
    [0.622500, 0.760178, 1.853552, 0.110212, 0.317915],
    [0.621197, 0.761650, 1.851467, 0.110208, 0.317918],
    [0.627180, 0.767387, 1.834635, 0.110369, 0.320814],
    [0.628425, 0.765690, 1.837371, 0.110381, 0.320814],
    [0.633181, 0.769873, 1.824855, 0.110550, 0.323712],
    [0.632001, 0.771752, 1.821583, 0.110538, 0.323712],
    [0.584784, 0.720426, 1.950484, 0.110121, 0.303658],
    [0.582787, 0.721157, 1.950225, 0.110123, 0.303825],
    [0.574490, 0.710519, 1.972584, 0.110239, 0.301422],
    [0.576402, 0.709807, 1.972812, 0.110204, 0.300838],
    [0.593098, 0.729794, 1.931901, 0.110039, 0.306478],
    [0.591183, 0.730596, 1.931535, 0.110038, 0.306523],
    [0.599593, 0.739798, 1.911762, 0.109976, 0.309309],
    [0.601241, 0.738862, 1.912325, 0.109957, 0.309299],
    [0.561489, 0.687304, 2.018682, 0.110777, 0.296378],
    [0.559739, 0.687418, 2.019611, 0.110765, 0.296378],
    [0.558064, 0.684021, 2.025181, 0.110957, 0.294892],
    [0.559889, 0.684045, 2.024088, 0.110969, 0.294891],
    [0.564385, 0.692524, 2.008619, 0.110586, 0.297865],
    [0.562608, 0.692804, 2.009289, 0.110577, 0.297907],
    [0.567333, 0.700552, 1.993404, 0.110396, 0.299518],
    [0.569182, 0.700034, 1.993196, 0.110395, 0.299351],
    [0.794851, 0.753626, 1.755269, 0.514409, 0.203558],
    [0.799521, 0.752132, 1.756185, 0.514720, 0.202529],
    [0.798836, 0.754548, 1.750813, 0.514825, 0.203451],
    [0.803681, 0.753097, 1.751611, 0.514887, 0.202433],
    [0.789262, 0.755447, 1.754183, 0.514170, 0.204526],
    [0.793019, 0.756316, 1.749869, 0.514700, 0.204414],
    [0.801721, 0.757596, 1.741787, 0.515487, 0.203560],
    [0.806654, 0.756204, 1.742506, 0.515054, 0.202337],
    [0.795788, 0.759294, 1.740938, 0.515601, 0.204627],
    [0.789893, 0.761013, 1.740099, 0.515080, 0.205380],
    [0.785059, 0.762467, 1.739412, 0.514240, 0.205977],
    [0.787245, 0.758106, 1.748935, 0.514453, 0.205269],
    [0.782509, 0.759620, 1.748169, 0.514144, 0.206070],
    [0.783728, 0.757289, 1.753108, 0.514073, 0.205375],
    [0.779199, 0.758847, 1.752224, 0.514047, 0.206164],
    [0.786139, 0.751554, 1.764750, 0.491252, 0.071286],
    [0.783799, 0.752489, 1.763915, 0.491268, 0.071072],
    [0.774009, 0.751819, 1.771200, 0.491217, 0.073073],
    [0.772021, 0.752816, 1.770144, 0.491231, 0.072976],
    [0.787332, 0.751140, 1.765195, 0.491236, 0.071447],
    [0.775027, 0.751373, 1.771755, 0.491201, 0.073146],
    [0.759750, 0.752201, 1.779335, 0.491176, 0.075056],
    [0.758090, 0.753285, 1.777992, 0.491195, 0.074879],
    [0.760600, 0.751711, 1.780033, 0.491157, 0.075189],
    [0.776541, 0.759814, 1.751710, 0.104701, 0.918285],
    [0.779199, 0.758847, 1.752224, 0.104696, 0.918128],
    [0.779726, 0.760561, 1.747726, 0.104711, 0.918026],
    [0.782509, 0.759620, 1.748169, 0.104701, 0.917987],
    [0.784954, 0.769214, 1.722650, 0.104723, 0.917705],
    [0.782220, 0.763373, 1.739016, 0.104718, 0.917846],
    [0.785059, 0.762467, 1.739412, 0.104706, 0.917845],
    [0.787803, 0.768366, 1.723007, 0.104711, 0.917704],
    [0.679875, 0.759945, 1.816216, 0.501590, 0.213775],
    [0.681447, 0.757075, 1.821293, 0.500361, 0.213171],
    [0.699252, 0.758558, 1.806040, 0.503853, 0.211975],
    [0.701004, 0.755956, 1.810373, 0.503065, 0.211209],
    [0.677851, 0.763417, 1.810135, 0.502681, 0.214503],
    [0.697037, 0.761709, 1.800852, 0.504623, 0.212756],
    [0.719586, 0.757190, 1.795149, 0.506190, 0.210115],
    [0.721637, 0.754873, 1.798697, 0.505769, 0.209246],
    [0.717071, 0.760000, 1.790903, 0.506675, 0.210919],
    [0.714509, 0.762837, 1.786665, 0.507288, 0.211597],
    [0.712334, 0.765228, 1.783144, 0.507966, 0.212211],
    [0.694684, 0.764880, 1.795672, 0.505357, 0.213567],
    [0.692624, 0.767548, 1.791365, 0.506072, 0.214393],
    [0.675659, 0.766912, 1.804062, 0.503498, 0.215478],
    [0.673685, 0.769848, 1.799011, 0.504178, 0.216576],
    [0.654960, 0.756859, 1.839498, 0.490784, 0.089830],
    [0.654083, 0.758755, 1.835837, 0.490786, 0.090228],
    [0.648682, 0.756929, 1.843503, 0.490771, 0.090278],
    [0.647796, 0.758848, 1.839768, 0.490780, 0.090378],
    [0.655403, 0.755965, 1.841355, 0.490779, 0.089532],
    [0.649131, 0.756022, 1.845397, 0.490759, 0.090203],
    [0.642185, 0.754706, 1.852333, 0.490756, 0.090678],
    [0.645056, 0.756270, 1.847246, 0.490762, 0.090528],
    [0.644144, 0.758147, 1.843618, 0.490774, 0.090529],
    [0.641200, 0.756473, 1.849015, 0.490768, 0.090679],
    [0.642687, 0.753876, 1.854017, 0.490744, 0.090678],
    [0.645519, 0.755385, 1.849086, 0.490749, 0.090527],
    [0.672444, 0.771643, 1.795995, 0.104461, 0.932240],
    [0.673685, 0.769848, 1.799011, 0.104449, 0.932587],
    [0.691365, 0.769185, 1.788797, 0.104462, 0.929641],
    [0.692624, 0.767548, 1.791365, 0.104448, 0.929681],
    [0.711018, 0.766697, 1.781047, 0.104466, 0.926963],
    [0.712334, 0.765228, 1.783144, 0.104446, 0.926775],
    [0.568954, 0.668422, 2.025084, 0.950615, 0.158276],
    [0.566727, 0.668373, 2.026480, 0.950941, 0.157578],
    [0.572928, 0.661684, 2.024369, 0.951526, 0.159431],
    [0.570914, 0.661685, 2.025452, 0.951892, 0.158978],
    [0.571623, 0.668551, 2.023455, 0.950287, 0.158899],
    [0.575335, 0.661697, 2.023112, 0.951182, 0.159856],
    [0.581118, 0.648850, 2.022321, 0.953165, 0.161501],
    [0.577074, 0.654993, 2.023268, 0.952436, 0.160585],
    [0.575272, 0.655027, 2.024032, 0.952843, 0.160377],
    [0.579435, 0.649020, 2.022891, 0.953793, 0.161777],
    [0.583102, 0.648622, 2.021653, 0.952820, 0.161603],
    [0.579220, 0.654940, 2.022394, 0.952076, 0.160812],
    [0.581385, 0.654844, 2.021548, 0.951808, 0.161076],
    [0.585024, 0.648389, 2.020989, 0.952588, 0.161794],
    [0.586581, 0.648211, 2.020442, 0.952440, 0.161989],
    [0.583188, 0.654744, 2.020852, 0.951621, 0.161313],
    [0.577719, 0.661699, 2.021899, 0.950883, 0.160225],
    [0.579715, 0.661710, 2.020932, 0.950650, 0.160510],
    [0.574314, 0.668742, 2.021884, 0.949956, 0.159373],
    [0.576576, 0.668944, 2.020639, 0.949678, 0.159707],
    [0.559074, 0.678027, 2.029380, 0.182680, 0.700584],
    [0.561751, 0.674291, 2.028725, 0.182727, 0.700002],
    [0.563197, 0.674322, 2.027678, 0.182680, 0.700700],
    [0.560745, 0.678102, 2.028238, 0.182675, 0.700780],
    [0.557528, 0.680350, 2.029137, 0.182662, 0.700814],
    [0.559341, 0.680449, 2.027957, 0.182669, 0.700860],
    [0.558064, 0.684021, 2.025181, 0.182647, 0.701024],
    [0.557221, 0.682043, 2.027896, 0.182652, 0.700944],
    [0.559107, 0.682137, 2.026730, 0.182664, 0.700940],
    [0.559889, 0.684045, 2.024088, 0.182658, 0.701019],
    [0.577948, 0.669099, 2.019937, 0.949506, 0.159909],
    [0.580926, 0.661744, 2.020369, 0.950506, 0.160683],
    [0.578651, 0.669219, 2.019629, 0.949413, 0.160014],
    [0.581554, 0.661803, 2.020123, 0.950427, 0.160773],
    [0.587505, 0.648130, 2.020134, 0.952347, 0.162109],
    [0.584271, 0.654702, 2.020453, 0.951505, 0.161457],
    [0.587992, 0.648131, 2.020024, 0.952293, 0.162172],
    [0.584834, 0.654721, 2.020293, 0.951439, 0.161533],
    [0.574209, 0.655061, 2.024533, 0.183066, 0.695849],
    [0.575272, 0.655027, 2.024032, 0.183094, 0.695643],
    [0.569744, 0.661723, 2.026137, 0.182945, 0.697333],
    [0.570914, 0.661685, 2.025452, 0.182956, 0.697329],
    [0.565387, 0.668386, 2.027355, 0.182823, 0.698818],
    [0.566727, 0.668373, 2.026480, 0.182818, 0.699015],
    [0.583791, 0.644342, 2.021355, 0.953529, 0.161939],
    [0.582318, 0.644596, 2.021858, 0.953834, 0.161837],
    [0.585161, 0.641631, 2.020589, 0.953677, 0.162102],
    [0.583898, 0.641925, 2.021072, 0.953875, 0.161897],
    [0.585494, 0.644037, 2.020764, 0.953263, 0.162066],
    [0.586657, 0.641309, 2.020032, 0.953494, 0.162303],
    [0.586146, 0.640150, 2.020146, 0.953801, 0.162249],
    [0.585881, 0.640446, 2.020232, 0.953756, 0.162193],
    [0.584772, 0.640732, 2.020664, 0.953916, 0.161958],
    [0.585267, 0.640439, 2.020489, 0.953957, 0.162018],
    [0.587367, 0.639846, 2.019683, 0.953645, 0.162481],
    [0.587196, 0.640141, 2.019735, 0.953601, 0.162422],
    [0.588464, 0.639923, 2.019266, 0.953455, 0.162636],
    [0.588523, 0.639668, 2.019257, 0.953489, 0.162712],
    [0.589277, 0.639629, 2.018989, 0.953333, 0.162943],
    [0.589507, 0.639779, 2.018892, 0.953341, 0.162799],
    [0.588117, 0.641035, 2.019490, 0.953343, 0.162499],
    [0.589313, 0.640845, 2.019053, 0.953230, 0.162659],
    [0.587114, 0.643734, 2.020170, 0.953077, 0.162243],
    [0.588426, 0.643512, 2.019684, 0.952953, 0.162413],
    [0.589215, 0.643414, 2.019420, 0.952874, 0.162518],
    [0.590041, 0.640757, 2.018820, 0.953162, 0.162751],
    [0.589645, 0.643412, 2.019345, 0.952828, 0.162573],
    [0.590447, 0.640754, 2.018761, 0.953123, 0.162797],
    [0.589679, 0.639501, 2.018869, 0.953322, 0.162949],
    [0.590165, 0.639682, 2.018686, 0.953283, 0.162877],
    [0.590012, 0.639446, 2.018833, 0.953311, 0.162954],
    [0.590545, 0.639653, 2.018633, 0.953257, 0.162904],
    [0.833854, 0.845643, 1.450993, 0.548921, 0.218890],
    [0.835141, 0.845278, 1.450490, 0.549378, 0.218931],
    [0.834327, 0.847019, 1.444310, 0.549304, 0.219045],
    [0.835462, 0.846668, 1.443805, 0.549451, 0.218962],
    [0.832322, 0.846107, 1.451612, 0.548670, 0.218933],
    [0.832978, 0.847466, 1.444932, 0.549209, 0.219150],
    [0.834402, 0.847721, 1.441541, 0.549552, 0.219147],
    [0.834428, 0.847590, 1.441868, 0.549480, 0.219117],
    [0.835413, 0.847269, 1.441431, 0.549523, 0.218992],
    [0.835134, 0.847451, 1.441304, 0.549595, 0.219023],
    [0.833331, 0.848104, 1.442015, 0.549509, 0.219270],
    [0.833262, 0.847996, 1.442410, 0.549437, 0.219241],
    [0.832098, 0.848408, 1.443030, 0.549394, 0.219366],
    [0.832255, 0.848478, 1.442620, 0.549467, 0.219394],
    [0.831511, 0.848727, 1.443121, 0.549424, 0.219518],
    [0.831138, 0.848769, 1.443563, 0.549351, 0.219490],
    [0.831636, 0.847931, 1.445583, 0.549218, 0.219296],
    [0.830529, 0.848340, 1.446139, 0.549279, 0.219462],
    [0.830794, 0.846593, 1.452244, 0.548835, 0.219142],
    [0.829530, 0.847020, 1.452784, 0.549207, 0.219435],
    [0.834177, 0.838191, 1.485734, 0.570958, 0.881381],
    [0.833076, 0.838394, 1.485898, 0.571408, 0.881419],
    [0.831792, 0.832068, 1.516143, 0.567560, 0.881201],
    [0.830448, 0.832291, 1.516189, 0.567740, 0.881206],
    [0.834765, 0.838135, 1.485677, 0.570619, 0.881348],
    [0.832500, 0.832002, 1.516146, 0.567424, 0.881193],
    [0.829476, 0.823834, 1.552154, 0.563804, 0.881036],
    [0.827860, 0.824099, 1.552044, 0.564072, 0.880994],
    [0.830318, 0.823750, 1.552238, 0.563602, 0.881062],
    [0.828795, 0.847306, 1.453121, 0.135745, 0.263433],
    [0.829530, 0.847020, 1.452784, 0.135645, 0.263869],
    [0.829889, 0.848617, 1.446472, 0.135642, 0.263831],
    [0.830529, 0.848340, 1.446139, 0.135626, 0.263944],
    [0.831238, 0.848896, 1.443170, 0.135576, 0.264088],
    [0.830588, 0.849025, 1.443841, 0.135595, 0.264014],
    [0.831138, 0.848769, 1.443563, 0.135606, 0.264018],
    [0.831511, 0.848727, 1.443121, 0.135587, 0.264093],
    [0.831074, 0.849060, 1.443219, 0.135565, 0.264084],
    [0.830358, 0.849206, 1.443964, 0.135583, 0.264008],
    [-0.574724, 0.682353, 2.024804, 0.949163, 0.156698],
    [-0.571814, 0.682137, 2.026730, 0.949856, 0.155982],
    [-0.572596, 0.684045, 2.024087, 0.949811, 0.155916],
    [-0.575473, 0.684156, 2.022288, 0.948756, 0.156755],
    [-0.574884, 0.680682, 2.026022, 0.949337, 0.156761],
    [-0.572048, 0.680449, 2.027957, 0.949901, 0.156048],
    [-0.577971, 0.682690, 2.022454, 0.948547, 0.157371],
    [-0.578734, 0.684354, 2.020068, 0.948149, 0.157454],
    [-0.578056, 0.681057, 2.023671, 0.948810, 0.157423],
    [-0.578271, 0.674415, 2.026016, 0.949885, 0.157359],
    [-0.575904, 0.674322, 2.027677, 0.949991, 0.156179],
    [-0.573452, 0.678102, 2.028238, 0.949946, 0.156113],
    [-0.576072, 0.678293, 2.026398, 0.949518, 0.156918],
    [-0.581092, 0.674604, 2.024019, 0.949542, 0.158106],
    [-0.579057, 0.678628, 2.024152, 0.949096, 0.157641],
    [-0.582060, 0.679134, 2.021725, 0.948683, 0.158201],
    [-0.584636, 0.679699, 2.019602, 0.948341, 0.158602],
    [-0.586381, 0.675421, 2.019969, 0.948857, 0.159029],
    [-0.583954, 0.674955, 2.021875, 0.949175, 0.158654],
    [-0.581190, 0.681590, 2.021174, 0.948360, 0.157981],
    [-0.583853, 0.682168, 2.018990, 0.948018, 0.158398],
    [-0.581963, 0.684668, 2.017682, 0.947731, 0.158074],
    [-0.584727, 0.685058, 2.015477, 0.947501, 0.158620],
    [-0.583906, 0.683697, 2.017740, 0.947780, 0.158388],
    [-0.581176, 0.683168, 2.019968, 0.948087, 0.157958],
    [-0.577016, 0.687176, 2.017131, 0.947875, 0.156960],
    [-0.574196, 0.687304, 2.018681, 0.948352, 0.156259],
    [-0.580325, 0.687092, 2.015189, 0.947459, 0.157638],
    [-0.579984, 0.692091, 2.007535, 0.946674, 0.157264],
    [-0.577092, 0.692524, 2.008619, 0.946893, 0.156602],
    [-0.583353, 0.691584, 2.006241, 0.946497, 0.157913],
    [-0.586401, 0.687182, 2.011233, 0.946927, 0.158882],
    [-0.583623, 0.687097, 2.013104, 0.947163, 0.158271],
    [-0.589420, 0.690751, 2.003725, 0.946352, 0.159143],
    [-0.586668, 0.691109, 2.004901, 0.946404, 0.158535],
    [-0.592047, 0.697413, 1.991894, 0.945477, 0.158852],
    [-0.599525, 0.705849, 1.974118, 0.944084, 0.159294],
    [-0.602433, 0.704654, 1.974476, 0.945203, 0.159666],
    [-0.594838, 0.696615, 1.991525, 0.945778, 0.159404],
    [-0.588541, 0.698319, 1.992378, 0.945283, 0.158268],
    [-0.595937, 0.707260, 1.973667, 0.943675, 0.158741],
    [-0.581889, 0.700034, 1.993196, 0.945433, 0.156945],
    [-0.589109, 0.709807, 1.972811, 0.943974, 0.157288],
    [-0.592251, 0.708651, 1.973202, 0.943588, 0.158094],
    [-0.584941, 0.699236, 1.992839, 0.945304, 0.157622],
    [-0.600788, 0.719223, 1.950982, 0.941344, 0.158743],
    [-0.597490, 0.720426, 1.950483, 0.941267, 0.158085],
    [-0.604638, 0.717731, 1.951643, 0.941529, 0.159369],
    [-0.608933, 0.728464, 1.932528, 0.938784, 0.159494],
    [-0.605805, 0.729794, 1.931900, 0.938560, 0.158882],
    [-0.612477, 0.726776, 1.933279, 0.939034, 0.160099],
    [-0.611153, 0.714663, 1.952947, 0.942437, 0.160467],
    [-0.608299, 0.716126, 1.952346, 0.941929, 0.159934],
    [-0.618291, 0.723210, 1.934586, 0.939670, 0.161269],
    [-0.615681, 0.724858, 1.933995, 0.939339, 0.160688],
    [-0.622779, 0.733085, 1.915470, 0.936641, 0.161473],
    [-0.629789, 0.740422, 1.897260, 0.933889, 0.162273],
    [-0.632334, 0.738661, 1.898756, 0.934137, 0.162872],
    [-0.625389, 0.731399, 1.916405, 0.936903, 0.162070],
    [-0.619664, 0.735128, 1.914357, 0.936378, 0.160875],
    [-0.626758, 0.742558, 1.895474, 0.933641, 0.161674],
    [-0.613948, 0.738862, 1.912325, 0.935853, 0.159680],
    [-0.621259, 0.746522, 1.892216, 0.933146, 0.160477],
    [-0.623748, 0.744710, 1.893693, 0.933394, 0.161076],
    [-0.616564, 0.737183, 1.913251, 0.936116, 0.160277],
    [-0.630788, 0.751630, 1.874629, 0.493066, 0.217302],
    [-0.623748, 0.744710, 1.893693, 0.490497, 0.216998],
    [-0.621259, 0.746522, 1.892216, 0.490486, 0.217648],
    [-0.628452, 0.753690, 1.872226, 0.493362, 0.218011],
    [-0.633611, 0.749181, 1.877521, 0.492771, 0.216593],
    [-0.626758, 0.742558, 1.895474, 0.490508, 0.216349],
    [-0.637388, 0.757777, 1.857052, 0.495569, 0.217595],
    [-0.635207, 0.760178, 1.853552, 0.496238, 0.218374],
    [-0.639993, 0.754921, 1.861262, 0.494933, 0.216822],
    [-0.638817, 0.744742, 1.882839, 0.492180, 0.215176],
    [-0.632334, 0.738661, 1.898756, 0.490530, 0.215050],
    [-0.629789, 0.740422, 1.897260, 0.490519, 0.215700],
    [-0.636446, 0.746749, 1.880418, 0.492475, 0.215885],
    [-0.644712, 0.749746, 1.868998, 0.493830, 0.215302],
    [-0.642576, 0.752087, 1.865477, 0.494365, 0.216060],
    [-0.647921, 0.756360, 1.852990, 0.496119, 0.216213],
    [-0.652217, 0.759478, 1.843511, 0.497481, 0.216306],
    [-0.653906, 0.756473, 1.849015, 0.497131, 0.215554],
    [-0.649809, 0.753664, 1.857600, 0.495481, 0.215428],
    [-0.645592, 0.759626, 1.847470, 0.496892, 0.217019],
    [-0.650076, 0.763122, 1.836918, 0.498413, 0.217147],
    [-0.641132, 0.765690, 1.837370, 0.499114, 0.218737],
    [-0.645888, 0.769873, 1.824855, 0.501991, 0.219100],
    [-0.647827, 0.766793, 1.830333, 0.499750, 0.218051],
    [-0.643190, 0.762918, 1.841956, 0.497936, 0.217867],
    [-0.651087, 0.769086, 1.823175, 0.500593, 0.218081],
    [-0.649208, 0.772346, 1.817180, 0.502064, 0.219015],
    [-0.653235, 0.765202, 1.830382, 0.499258, 0.217168],
    [-0.654870, 0.770004, 1.818717, 0.500953, 0.217961],
    [-0.652998, 0.773329, 1.812542, 0.502137, 0.218929],
    [-0.656990, 0.766043, 1.826138, 0.499767, 0.217028],
    [-0.656850, 0.758147, 1.843617, 0.497263, 0.215449],
    [-0.655260, 0.761339, 1.837596, 0.498193, 0.216298],
    [-0.660503, 0.758848, 1.839767, 0.497394, 0.215344],
    [-0.658965, 0.762105, 1.833567, 0.498581, 0.216168],
    [-0.665259, 0.761972, 1.829759, 0.498972, 0.215893],
    [-0.676029, 0.761164, 1.824518, 0.499822, 0.215190],
    [-0.677573, 0.758078, 1.830208, 0.497657, 0.215134],
    [-0.666790, 0.758755, 1.835836, 0.497526, 0.215239],
    [-0.663280, 0.765863, 1.822478, 0.500280, 0.216671],
    [-0.674020, 0.764896, 1.817702, 0.501138, 0.215896],
    [-0.659231, 0.773063, 1.809153, 0.502210, 0.218844],
    [-0.669869, 0.771805, 1.805231, 0.502284, 0.218759],
    [-0.671830, 0.768651, 1.810895, 0.502041, 0.216972],
    [-0.661137, 0.769777, 1.815205, 0.501314, 0.217695],
    [-0.761524, 0.759701, 1.770512, 0.510532, 0.208471],
    [-0.746141, 0.761040, 1.777970, 0.509083, 0.209815],
    [-0.743745, 0.763170, 1.775187, 0.509860, 0.210028],
    [-0.758817, 0.761629, 1.768331, 0.510883, 0.209085],
    [-0.764783, 0.757414, 1.773142, 0.510245, 0.207793],
    [-0.748990, 0.758513, 1.781322, 0.508621, 0.209197],
    [-0.773788, 0.758730, 1.764291, 0.511740, 0.207407],
    [-0.770652, 0.760510, 1.762589, 0.511905, 0.208143],
    [-0.777599, 0.756621, 1.766346, 0.511608, 0.206641],
    [-0.770797, 0.753285, 1.777992, 0.509993, 0.206119],
    [-0.754159, 0.753949, 1.787496, 0.508473, 0.207284],
    [-0.751815, 0.756009, 1.784684, 0.508351, 0.208388],
    [-0.768055, 0.755149, 1.775782, 0.510087, 0.206988],
    [-0.784728, 0.752816, 1.770144, 0.511513, 0.204954],
    [-0.781463, 0.754533, 1.768412, 0.511543, 0.205813],
    [-0.792642, 0.754102, 1.762550, 0.512864, 0.204762],
    [-0.801504, 0.753812, 1.758175, 0.513877, 0.203966],
    [-0.805861, 0.752270, 1.759272, 0.514553, 0.202625],
    [-0.796506, 0.752489, 1.763915, 0.513033, 0.203790],
    [-0.788065, 0.756064, 1.760925, 0.512767, 0.205675],
    [-0.796311, 0.755690, 1.756872, 0.513646, 0.204951],
    [-0.779942, 0.759724, 1.757977, 0.512928, 0.207200],
    [-0.787028, 0.759194, 1.754514, 0.513951, 0.206257],
    [-0.791196, 0.757589, 1.755580, 0.513629, 0.205755],
    [-0.783589, 0.758048, 1.759311, 0.512812, 0.206467],
    [-0.809530, 0.777085, 1.696538, 0.520445, 0.207558],
    [-0.805367, 0.767006, 1.723630, 0.516796, 0.206034],
    [-0.800510, 0.768366, 1.723007, 0.514337, 0.205883],
    [-0.804764, 0.778293, 1.695990, 0.519619, 0.208020],
    [-0.815326, 0.775661, 1.697210, 0.520952, 0.206941],
    [-0.811292, 0.765402, 1.724391, 0.517482, 0.205392],
    [-0.814851, 0.789619, 1.662195, 0.525161, 0.209564],
    [-0.810416, 0.790648, 1.661710, 0.524901, 0.210156],
    [-0.820207, 0.788412, 1.662801, 0.525371, 0.208948],
    [-0.825953, 0.773113, 1.698473, 0.520378, 0.204923],
    [-0.822200, 0.762522, 1.725818, 0.515221, 0.202241],
    [-0.817252, 0.763819, 1.725163, 0.517214, 0.204281],
    [-0.821138, 0.774259, 1.697893, 0.520824, 0.206010],
    [-0.829982, 0.786258, 1.663969, 0.525535, 0.207604],
    [-0.825557, 0.787225, 1.663427, 0.525479, 0.208287],
    [-0.829957, 0.801128, 1.625962, 0.530336, 0.210656],
    [-0.834272, 0.814141, 1.588490, 0.534958, 0.212855],
    [-0.837452, 0.813537, 1.588907, 0.535850, 0.212966],
    [-0.833793, 0.800349, 1.626506, 0.530692, 0.210285],
    [-0.825334, 0.802088, 1.625350, 0.530095, 0.211093],
    [-0.830457, 0.814891, 1.588014, 0.534685, 0.213142],
    [-0.816859, 0.803904, 1.624320, 0.530182, 0.212292],
    [-0.823470, 0.816319, 1.587203, 0.535464, 0.214429],
    [-0.826640, 0.815659, 1.587561, 0.534756, 0.213625],
    [-0.820704, 0.803067, 1.624773, 0.530081, 0.211660],
    [-0.831511, 0.825825, 1.551552, 0.538736, 0.215237],
    [-0.828856, 0.826368, 1.551425, 0.538882, 0.215673],
    [-0.834706, 0.825197, 1.551715, 0.538705, 0.214866],
    [-0.835648, 0.833780, 1.516582, 0.542208, 0.216597],
    [-0.833442, 0.834253, 1.516714, 0.542299, 0.216918],
    [-0.838298, 0.833237, 1.516433, 0.542197, 0.216314],
    [-0.840567, 0.824099, 1.552043, 0.539214, 0.214450],
    [-0.837901, 0.824587, 1.551888, 0.538902, 0.214625],
    [-0.843155, 0.832291, 1.516189, 0.542578, 0.215933],
    [-0.840946, 0.832711, 1.516294, 0.542347, 0.216105],
    [-0.843979, 0.838780, 1.486199, 0.545471, 0.217436],
    [-0.845667, 0.843042, 1.464123, 0.547815, 0.218428],
    [-0.847165, 0.842669, 1.463688, 0.549306, 0.218901],
    [-0.845783, 0.838394, 1.485898, 0.545942, 0.217417],
    [-0.841818, 0.839267, 1.486577, 0.545207, 0.217539],
    [-0.843877, 0.843514, 1.464660, 0.547457, 0.218445],
    [-0.837857, 0.840214, 1.487301, 0.545717, 0.218162],
    [-0.840602, 0.844439, 1.465683, 0.549134, 0.219407],
    [-0.842087, 0.844007, 1.465211, 0.547722, 0.218711],
    [-0.839656, 0.839772, 1.486965, 0.545358, 0.217809],
    [-0.597479, 0.640732, 2.020663, 0.183241, 0.693737],
    [-0.597975, 0.640439, 2.020488, 0.183244, 0.693664],
    [-0.597686, 0.640449, 2.020627, 0.183173, 0.693593],
    [-0.596842, 0.640890, 2.020941, 0.183213, 0.693720],
    [-0.596605, 0.641925, 2.021071, 0.183239, 0.693810],
    [-0.595861, 0.642121, 2.021390, 0.183219, 0.693860],
    [-0.597507, 0.640498, 2.020778, 0.183141, 0.693573],
    [-0.596572, 0.640991, 2.021130, 0.183187, 0.693709],
    [-0.594142, 0.644768, 2.022191, 0.183207, 0.694090],
    [-0.591140, 0.649135, 2.023266, 0.183162, 0.694667],
    [-0.592142, 0.649020, 2.022891, 0.183233, 0.693957],
    [-0.595025, 0.644596, 2.021858, 0.183236, 0.693884],
    [-0.601229, 0.639668, 2.019256, 0.182843, 0.692928],
    [-0.601984, 0.639629, 2.018988, 0.182709, 0.692683],
    [-0.602386, 0.639501, 2.018869, 0.182698, 0.692686],
    [-0.601437, 0.639510, 2.019226, 0.182832, 0.692931],
    [-0.600073, 0.639846, 2.019683, 0.182977, 0.693173],
    [-0.600203, 0.639696, 2.019687, 0.182961, 0.693172],
    [-0.602719, 0.639446, 2.018832, 0.182687, 0.692688],
    [-0.601675, 0.639457, 2.019233, 0.182820, 0.692935],
    [-0.600311, 0.639666, 2.019747, 0.182945, 0.693172],
    [-0.598882, 0.640029, 2.020182, 0.183082, 0.693401],
    [-0.598853, 0.640150, 2.020146, 0.183111, 0.693418],
    [-0.598841, 0.640035, 2.020291, 0.183057, 0.693389],
    [-0.586456, 0.685380, 2.014024, 0.947490, 0.158626],
    [-0.585610, 0.684106, 2.016274, 0.947623, 0.158590],
    [-0.585497, 0.682585, 2.017651, 0.947817, 0.158636],
    [-0.587352, 0.685607, 2.013275, 0.947479, 0.158632],
    [-0.586496, 0.684380, 2.015508, 0.947559, 0.158658],
    [-0.586348, 0.682855, 2.016976, 0.947714, 0.158749],
    [-0.586216, 0.680076, 2.018414, 0.948131, 0.158844],
    [-0.587859, 0.675729, 2.018960, 0.948662, 0.159256],
    [-0.587026, 0.680312, 2.017868, 0.948019, 0.158969],
    [-0.588618, 0.675925, 2.018521, 0.948558, 0.159373],
    [-0.594838, 0.696615, 1.991525, 0.888699, 0.135867],
    [-0.602433, 0.704654, 1.974476, 0.889325, 0.135910],
    [-0.604143, 0.703943, 1.974690, 0.890314, 0.135848],
    [-0.596475, 0.696143, 1.991317, 0.888982, 0.135844],
    [-0.589420, 0.690751, 2.003725, 0.888073, 0.135824],
    [-0.591078, 0.690576, 2.002996, 0.888145, 0.135814],
    [-0.605002, 0.703628, 1.974813, 0.890633, 0.135820],
    [-0.597299, 0.695950, 1.991229, 0.889195, 0.135823],
    [-0.591920, 0.690538, 2.002637, 0.888199, 0.135804],
    [-0.588101, 0.687293, 2.010052, 0.887448, 0.135778],
    [-0.586456, 0.685380, 2.014024, 0.886822, 0.135737],
    [-0.584727, 0.685058, 2.015477, 0.886821, 0.135737],
    [-0.586401, 0.687182, 2.011233, 0.887447, 0.135781],
    [-0.588970, 0.687406, 2.009456, 0.887449, 0.135774],
    [-0.587352, 0.685607, 2.013275, 0.886823, 0.135737],
    [-0.625389, 0.731399, 1.916405, 0.897978, 0.135685],
    [-0.632334, 0.738661, 1.898756, 0.900862, 0.135610],
    [-0.633878, 0.737634, 1.899667, 0.900320, 0.135689],
    [-0.626970, 0.730417, 1.916981, 0.897824, 0.135699],
    [-0.618291, 0.723210, 1.934586, 0.895093, 0.135760],
    [-0.619869, 0.722251, 1.934954, 0.895126, 0.135751],
    [-0.634672, 0.737172, 1.900148, 0.900147, 0.135705],
    [-0.627783, 0.729976, 1.917294, 0.897709, 0.135705],
    [-0.620679, 0.721821, 1.935163, 0.895151, 0.135740],
    [-0.612741, 0.713719, 1.953315, 0.892492, 0.135809],
    [-0.611153, 0.714663, 1.952947, 0.892209, 0.135835],
    [-0.613518, 0.713272, 1.953521, 0.892705, 0.135785],
    [-0.649809, 0.753664, 1.857600, 0.905795, 0.136013],
    [-0.653906, 0.756473, 1.849015, 0.907440, 0.136147],
    [-0.654891, 0.754706, 1.852332, 0.907441, 0.136135],
    [-0.650930, 0.752080, 1.860380, 0.905796, 0.136001],
    [-0.644712, 0.749746, 1.868998, 0.904151, 0.135878],
    [-0.645995, 0.748374, 1.871125, 0.904113, 0.135873],
    [-0.655394, 0.753875, 1.854017, 0.907442, 0.136123],
    [-0.651505, 0.751340, 1.861796, 0.905797, 0.135988],
    [-0.646655, 0.747740, 1.872213, 0.904085, 0.135864],
    [-0.640252, 0.743569, 1.884306, 0.902352, 0.135758],
    [-0.638817, 0.744742, 1.882839, 0.902506, 0.135744],
    [-0.640990, 0.743033, 1.885064, 0.902237, 0.135764],
    [-0.734344, 0.754873, 1.798697, 0.491067, 0.080107],
    [-0.754159, 0.753949, 1.787496, 0.491159, 0.076783],
    [-0.755570, 0.752746, 1.789198, 0.491122, 0.077404],
    [-0.735560, 0.753516, 1.800842, 0.491048, 0.080283],
    [-0.713711, 0.755956, 1.810373, 0.490975, 0.083430],
    [-0.714734, 0.754428, 1.812988, 0.490964, 0.083375],
    [-0.756292, 0.752199, 1.790076, 0.491101, 0.077603],
    [-0.736180, 0.752891, 1.801941, 0.491029, 0.080416],
    [-0.715253, 0.753717, 1.814322, 0.490951, 0.083333],
    [-0.695059, 0.755387, 1.824354, 0.490882, 0.086356],
    [-0.678455, 0.756261, 1.833637, 0.490817, 0.088688],
    [-0.677573, 0.758078, 1.830208, 0.490792, 0.090077],
    [-0.694154, 0.757075, 1.821292, 0.490883, 0.086754],
    [-0.695516, 0.754597, 1.825911, 0.490876, 0.086058],
    [-0.678899, 0.755406, 1.835377, 0.490815, 0.088241],
    [-0.819360, 0.756204, 1.742506, 0.491332, 0.068616],
    [-0.822200, 0.762522, 1.725818, 0.491341, 0.068432],
    [-0.825153, 0.761777, 1.726227, 0.491329, 0.068431],
    [-0.822309, 0.755402, 1.742954, 0.491320, 0.068615],
    [-0.816388, 0.753097, 1.751611, 0.491322, 0.068800],
    [-0.819291, 0.752259, 1.752106, 0.491310, 0.068853],
    [-0.826640, 0.761457, 1.726458, 0.491317, 0.068430],
    [-0.823796, 0.755054, 1.743205, 0.491307, 0.068614],
    [-0.820756, 0.751893, 1.752380, 0.491295, 0.068893],
    [-0.815032, 0.751269, 1.756750, 0.491298, 0.069199],
    [-0.808488, 0.751378, 1.759947, 0.491280, 0.069920],
    [-0.805861, 0.752270, 1.759272, 0.491304, 0.069169],
    [-0.812228, 0.752132, 1.756184, 0.491313, 0.068984],
    [-0.816451, 0.750890, 1.757060, 0.491281, 0.069359],
    [-0.809821, 0.750985, 1.760311, 0.491262, 0.070161],
    [-0.833793, 0.800349, 1.626506, 0.554604, 0.880999],
    [-0.837452, 0.813537, 1.588907, 0.560404, 0.880781],
    [-0.839372, 0.813204, 1.589180, 0.559470, 0.880958],
    [-0.836096, 0.799913, 1.626861, 0.554336, 0.881041],
    [-0.829982, 0.786258, 1.663969, 0.548805, 0.881217],
    [-0.832624, 0.785711, 1.664315, 0.548736, 0.881219],
    [-0.840362, 0.813088, 1.589347, 0.559168, 0.881004],
    [-0.837272, 0.799747, 1.627071, 0.554134, 0.881068],
    [-0.833962, 0.785490, 1.664516, 0.548685, 0.881215],
    [-0.828822, 0.772458, 1.698837, 0.543003, 0.881423],
    [-0.825153, 0.761777, 1.726227, 0.537204, 0.881641],
    [-0.822200, 0.762522, 1.725818, 0.537205, 0.881653],
    [-0.825953, 0.773113, 1.698473, 0.543005, 0.881435],
    [-0.830270, 0.772183, 1.699046, 0.543002, 0.881410],
    [-0.826640, 0.761457, 1.726458, 0.537202, 0.881629],
    [-0.848120, 0.847268, 1.441430, 0.575310, 0.881644],
    [-0.847840, 0.847451, 1.441304, 0.575388, 0.881648],
    [-0.848194, 0.847395, 1.441031, 0.575387, 0.881636],
    [-0.848740, 0.847110, 1.441122, 0.575309, 0.881632],
    [-0.848169, 0.846668, 1.443804, 0.575232, 0.881640],
    [-0.848874, 0.846487, 1.443498, 0.575118, 0.881621],
    [-0.848492, 0.847392, 1.440841, 0.575385, 0.881624],
    [-0.849097, 0.847081, 1.440945, 0.575307, 0.881619],
    [-0.849271, 0.846444, 1.443350, 0.575032, 0.881603],
    [-0.848641, 0.845088, 1.450200, 0.574704, 0.881598],
    [-0.848084, 0.842474, 1.463442, 0.573504, 0.881528],
    [-0.847165, 0.842669, 1.463688, 0.575076, 0.881631],
    [-0.847847, 0.845278, 1.450489, 0.575154, 0.881636],
    [-0.849079, 0.845039, 1.450073, 0.574365, 0.881564],
    [-0.848583, 0.842422, 1.463341, 0.572997, 0.881485],
    [-0.844961, 0.848478, 1.442620, 0.773772, 0.706670],
    [-0.844218, 0.848727, 1.443120, 0.773641, 0.706670],
    [-0.843944, 0.848896, 1.443169, 0.773639, 0.706704],
    [-0.844942, 0.848594, 1.442449, 0.773770, 0.706704],
    [-0.846038, 0.848104, 1.442015, 0.773903, 0.706669],
    [-0.846105, 0.848195, 1.441785, 0.773901, 0.706704],
    [-0.843780, 0.849060, 1.443219, 0.773636, 0.706739],
    [-0.844890, 0.848727, 1.442421, 0.773767, 0.706738],
    [-0.846183, 0.848286, 1.441683, 0.773898, 0.706737],
    [-0.847253, 0.847776, 1.441282, 0.774032, 0.706704],
    [-0.848194, 0.847395, 1.441031, 0.774163, 0.706703],
    [-0.847840, 0.847451, 1.441304, 0.774165, 0.706669],
    [-0.847109, 0.847721, 1.441540, 0.774034, 0.706669],
    [-0.847453, 0.847817, 1.441121, 0.774029, 0.706737],
    [-0.848492, 0.847392, 1.440841, 0.774160, 0.706738],
    [-0.828856, 0.826368, 1.551425, 0.138381, 0.253224],
    [-0.823470, 0.816319, 1.587203, 0.139286, 0.249700],
    [-0.821589, 0.816746, 1.587009, 0.139679, 0.248874],
    [-0.827284, 0.826722, 1.551364, 0.138485, 0.252984],
    [-0.833442, 0.834253, 1.516714, 0.137475, 0.256747],
    [-0.832138, 0.834565, 1.516809, 0.137521, 0.256576],
    [-0.836798, 0.840508, 1.487517, 0.136670, 0.259835],
    [-0.839733, 0.844728, 1.465981, 0.136041, 0.262280],
    [-0.840602, 0.844439, 1.465683, 0.135664, 0.263794],
    [-0.837857, 0.840214, 1.487301, 0.136570, 0.260271],
    [-0.804764, 0.778293, 1.695990, 0.144772, 0.233495],
    [-0.800510, 0.768366, 1.723007, 0.146601, 0.228093],
    [-0.797661, 0.769214, 1.722650, 0.146590, 0.228088],
    [-0.801961, 0.779051, 1.695678, 0.144761, 0.233490],
    [-0.810416, 0.790648, 1.661710, 0.142944, 0.238897],
    [-0.807792, 0.791297, 1.661440, 0.142961, 0.238833],
    [-0.814578, 0.804438, 1.624074, 0.141219, 0.244059],
    [-0.816859, 0.803904, 1.624320, 0.141115, 0.244299],
    [-0.758817, 0.761629, 1.768331, 0.104507, 0.922469],
    [-0.743745, 0.763170, 1.775187, 0.104445, 0.923869],
    [-0.742302, 0.764481, 1.773533, 0.104485, 0.924528],
    [-0.757202, 0.762819, 1.767039, 0.104527, 0.922657],
    [-0.770652, 0.760510, 1.762589, 0.104568, 0.921069],
    [-0.768794, 0.761610, 1.761584, 0.104581, 0.921155],
    [-0.777797, 0.760762, 1.757193, 0.104635, 0.919826],
    [-0.784591, 0.760189, 1.753892, 0.104679, 0.918819],
    [-0.787028, 0.759194, 1.754514, 0.104691, 0.918269],
    [-0.779942, 0.759724, 1.757977, 0.104630, 0.919669],
    [-0.649208, 0.772346, 1.817180, 0.104446, 0.935888],
    [-0.645888, 0.769873, 1.824855, 0.104444, 0.936020],
    [-0.644707, 0.771752, 1.821583, 0.104456, 0.936019],
    [-0.648054, 0.774335, 1.813598, 0.104458, 0.935888],
    [-0.652998, 0.773329, 1.812542, 0.104447, 0.935756],
    [-0.651841, 0.775357, 1.808853, 0.104459, 0.935670],
    [-0.658046, 0.775067, 1.805538, 0.104460, 0.935278],
    [-0.668644, 0.773731, 1.801848, 0.104461, 0.934279],
    [-0.669869, 0.771805, 1.805231, 0.104450, 0.935493],
    [-0.659231, 0.773063, 1.809153, 0.104449, 0.935625],
    [-0.628452, 0.753690, 1.872226, 0.110043, 0.315017],
    [-0.621259, 0.746522, 1.892216, 0.109875, 0.312119],
    [-0.619783, 0.747640, 1.891344, 0.109972, 0.312153],
    [-0.627067, 0.754957, 1.870798, 0.110063, 0.315027],
    [-0.635207, 0.760178, 1.853552, 0.110212, 0.317915],
    [-0.633904, 0.761650, 1.851466, 0.110208, 0.317918],
    [-0.639886, 0.767387, 1.834635, 0.110369, 0.320814],
    [-0.644707, 0.771752, 1.821583, 0.110538, 0.323712],
    [-0.645888, 0.769873, 1.824855, 0.110550, 0.323712],
    [-0.641132, 0.765690, 1.837370, 0.110381, 0.320814],
    [-0.597490, 0.720426, 1.950483, 0.110121, 0.303658],
    [-0.589109, 0.709807, 1.972811, 0.110204, 0.300838],
    [-0.587197, 0.710519, 1.972584, 0.110239, 0.301422],
    [-0.595493, 0.721157, 1.950225, 0.110123, 0.303825],
    [-0.605805, 0.729794, 1.931900, 0.110039, 0.306478],
    [-0.603890, 0.730596, 1.931535, 0.110038, 0.306523],
    [-0.612300, 0.739798, 1.911761, 0.109976, 0.309309],
    [-0.613948, 0.738862, 1.912325, 0.109957, 0.309299],
    [-0.574196, 0.687304, 2.018681, 0.110777, 0.296378],
    [-0.572596, 0.684045, 2.024087, 0.110969, 0.294891],
    [-0.570771, 0.684021, 2.025180, 0.110957, 0.294892],
    [-0.572446, 0.687418, 2.019610, 0.110765, 0.296378],
    [-0.577092, 0.692524, 2.008619, 0.110586, 0.297865],
    [-0.575315, 0.692804, 2.009288, 0.110577, 0.297907],
    [-0.580040, 0.700552, 1.993403, 0.110396, 0.299518],
    [-0.581889, 0.700034, 1.993196, 0.110395, 0.299351],
    [-0.807558, 0.753626, 1.755268, 0.514409, 0.203558],
    [-0.812228, 0.752132, 1.756184, 0.514720, 0.202529],
    [-0.811543, 0.754548, 1.750812, 0.514825, 0.203451],
    [-0.816388, 0.753097, 1.751611, 0.514887, 0.202433],
    [-0.801969, 0.755447, 1.754183, 0.514170, 0.204526],
    [-0.805726, 0.756316, 1.749868, 0.514700, 0.204414],
    [-0.819360, 0.756204, 1.742506, 0.515054, 0.202337],
    [-0.814428, 0.757596, 1.741787, 0.515487, 0.203560],
    [-0.808495, 0.759294, 1.740937, 0.515601, 0.204627],
    [-0.802600, 0.761013, 1.740099, 0.515080, 0.205380],
    [-0.797766, 0.762467, 1.739412, 0.514240, 0.205977],
    [-0.799951, 0.758106, 1.748935, 0.514453, 0.205269],
    [-0.795216, 0.759620, 1.748168, 0.514144, 0.206070],
    [-0.791906, 0.758847, 1.752223, 0.514047, 0.206164],
    [-0.796435, 0.757289, 1.753108, 0.514073, 0.205375],
    [-0.798846, 0.751554, 1.764750, 0.491252, 0.071286],
    [-0.796506, 0.752489, 1.763915, 0.491268, 0.071072],
    [-0.786716, 0.751819, 1.771199, 0.491217, 0.073073],
    [-0.784728, 0.752816, 1.770144, 0.491231, 0.072976],
    [-0.800039, 0.751140, 1.765195, 0.491236, 0.071447],
    [-0.787734, 0.751373, 1.771754, 0.491201, 0.073146],
    [-0.770797, 0.753285, 1.777992, 0.491195, 0.074879],
    [-0.772457, 0.752201, 1.779334, 0.491176, 0.075056],
    [-0.773307, 0.751711, 1.780032, 0.491157, 0.075189],
    [-0.789248, 0.759814, 1.751709, 0.104701, 0.918285],
    [-0.791906, 0.758847, 1.752223, 0.104696, 0.918128],
    [-0.792433, 0.760561, 1.747725, 0.104711, 0.918026],
    [-0.795216, 0.759620, 1.748168, 0.104701, 0.917987],
    [-0.797661, 0.769214, 1.722650, 0.104723, 0.917705],
    [-0.800510, 0.768366, 1.723007, 0.104711, 0.917704],
    [-0.797766, 0.762467, 1.739412, 0.104706, 0.917845],
    [-0.794927, 0.763373, 1.739016, 0.104718, 0.917846],
    [-0.692582, 0.759945, 1.816215, 0.501590, 0.213775],
    [-0.694154, 0.757075, 1.821292, 0.500361, 0.213171],
    [-0.711958, 0.758558, 1.806040, 0.503853, 0.211975],
    [-0.713711, 0.755956, 1.810373, 0.503065, 0.211209],
    [-0.690558, 0.763417, 1.810134, 0.502681, 0.214503],
    [-0.709744, 0.761709, 1.800852, 0.504623, 0.212756],
    [-0.734344, 0.754873, 1.798697, 0.505769, 0.209246],
    [-0.732293, 0.757190, 1.795149, 0.506190, 0.210115],
    [-0.729778, 0.760000, 1.790903, 0.506675, 0.210919],
    [-0.727216, 0.762837, 1.786665, 0.507288, 0.211597],
    [-0.725040, 0.765228, 1.783144, 0.507966, 0.212211],
    [-0.707391, 0.764880, 1.795672, 0.505357, 0.213567],
    [-0.705331, 0.767548, 1.791365, 0.506072, 0.214393],
    [-0.686392, 0.769848, 1.799010, 0.504178, 0.216576],
    [-0.688365, 0.766912, 1.804061, 0.503498, 0.215478],
    [-0.667666, 0.756859, 1.839497, 0.490784, 0.089830],
    [-0.666790, 0.758755, 1.835836, 0.490786, 0.090228],
    [-0.661389, 0.756929, 1.843503, 0.490771, 0.090278],
    [-0.660503, 0.758848, 1.839767, 0.490780, 0.090378],
    [-0.668110, 0.755965, 1.841354, 0.490779, 0.089532],
    [-0.661838, 0.756022, 1.845397, 0.490759, 0.090203],
    [-0.654891, 0.754706, 1.852332, 0.490756, 0.090678],
    [-0.653906, 0.756473, 1.849015, 0.490768, 0.090679],
    [-0.656850, 0.758147, 1.843617, 0.490774, 0.090529],
    [-0.657763, 0.756270, 1.847246, 0.490762, 0.090528],
    [-0.655394, 0.753875, 1.854017, 0.490744, 0.090678],
    [-0.658226, 0.755385, 1.849086, 0.490749, 0.090527],
    [-0.685151, 0.771643, 1.795995, 0.104461, 0.932240],
    [-0.686392, 0.769848, 1.799010, 0.104449, 0.932587],
    [-0.704072, 0.769185, 1.788796, 0.104462, 0.929641],
    [-0.705331, 0.767548, 1.791365, 0.104448, 0.929681],
    [-0.725040, 0.765228, 1.783144, 0.104446, 0.926775],
    [-0.723725, 0.766697, 1.781046, 0.104466, 0.926963],
    [-0.581661, 0.668422, 2.025084, 0.950615, 0.158276],
    [-0.579435, 0.668373, 2.026479, 0.950941, 0.157578],
    [-0.585635, 0.661684, 2.024369, 0.951526, 0.159431],
    [-0.583621, 0.661685, 2.025451, 0.951892, 0.158978],
    [-0.584330, 0.668551, 2.023455, 0.950287, 0.158899],
    [-0.588042, 0.661697, 2.023111, 0.951182, 0.159856],
    [-0.593825, 0.648850, 2.022321, 0.953165, 0.161501],
    [-0.592142, 0.649020, 2.022891, 0.953793, 0.161777],
    [-0.587979, 0.655027, 2.024032, 0.952843, 0.160377],
    [-0.589781, 0.654993, 2.023268, 0.952436, 0.160585],
    [-0.595809, 0.648622, 2.021652, 0.952820, 0.161603],
    [-0.591927, 0.654940, 2.022394, 0.952076, 0.160812],
    [-0.594092, 0.654844, 2.021547, 0.951808, 0.161076],
    [-0.595895, 0.654744, 2.020851, 0.951621, 0.161313],
    [-0.599288, 0.648211, 2.020441, 0.952440, 0.161989],
    [-0.597731, 0.648389, 2.020988, 0.952588, 0.161794],
    [-0.590426, 0.661699, 2.021899, 0.950883, 0.160225],
    [-0.592422, 0.661710, 2.020932, 0.950650, 0.160510],
    [-0.589283, 0.668944, 2.020639, 0.949678, 0.159707],
    [-0.587021, 0.668742, 2.021884, 0.949956, 0.159373],
    [-0.571781, 0.678027, 2.029380, 0.182680, 0.700584],
    [-0.573452, 0.678102, 2.028238, 0.182675, 0.700780],
    [-0.575904, 0.674322, 2.027677, 0.182680, 0.700700],
    [-0.574458, 0.674291, 2.028724, 0.182727, 0.700002],
    [-0.570235, 0.680350, 2.029137, 0.182662, 0.700814],
    [-0.572048, 0.680449, 2.027957, 0.182669, 0.700860],
    [-0.570771, 0.684021, 2.025180, 0.182647, 0.701024],
    [-0.572596, 0.684045, 2.024087, 0.182658, 0.701019],
    [-0.571814, 0.682137, 2.026730, 0.182664, 0.700940],
    [-0.569928, 0.682043, 2.027896, 0.182652, 0.700944],
    [-0.590655, 0.669099, 2.019936, 0.949506, 0.159909],
    [-0.593633, 0.661744, 2.020368, 0.950506, 0.160683],
    [-0.591358, 0.669219, 2.019629, 0.949413, 0.160014],
    [-0.594261, 0.661803, 2.020123, 0.950427, 0.160773],
    [-0.600212, 0.648130, 2.020134, 0.952347, 0.162109],
    [-0.596978, 0.654702, 2.020452, 0.951505, 0.161457],
    [-0.600699, 0.648131, 2.020023, 0.952293, 0.162172],
    [-0.597541, 0.654721, 2.020293, 0.951439, 0.161533],
    [-0.586916, 0.655061, 2.024532, 0.183066, 0.695849],
    [-0.587979, 0.655027, 2.024032, 0.183094, 0.695643],
    [-0.582451, 0.661723, 2.026137, 0.182945, 0.697333],
    [-0.583621, 0.661685, 2.025451, 0.182956, 0.697329],
    [-0.579435, 0.668373, 2.026479, 0.182818, 0.699015],
    [-0.578094, 0.668386, 2.027354, 0.182823, 0.698818],
    [-0.596498, 0.644342, 2.021355, 0.953529, 0.161939],
    [-0.595025, 0.644596, 2.021858, 0.953834, 0.161837],
    [-0.597868, 0.641631, 2.020589, 0.953677, 0.162102],
    [-0.596605, 0.641925, 2.021071, 0.953875, 0.161897],
    [-0.598201, 0.644037, 2.020763, 0.953263, 0.162066],
    [-0.599364, 0.641309, 2.020031, 0.953494, 0.162303],
    [-0.598853, 0.640150, 2.020146, 0.953801, 0.162249],
    [-0.597975, 0.640439, 2.020488, 0.953957, 0.162018],
    [-0.597479, 0.640732, 2.020663, 0.953916, 0.161958],
    [-0.598588, 0.640446, 2.020231, 0.953756, 0.162193],
    [-0.600073, 0.639846, 2.019683, 0.953645, 0.162481],
    [-0.599903, 0.640141, 2.019734, 0.953601, 0.162422],
    [-0.601171, 0.639923, 2.019265, 0.953455, 0.162636],
    [-0.602214, 0.639779, 2.018892, 0.953341, 0.162799],
    [-0.601984, 0.639629, 2.018988, 0.953333, 0.162943],
    [-0.601229, 0.639668, 2.019256, 0.953489, 0.162712],
    [-0.600824, 0.641035, 2.019489, 0.953343, 0.162499],
    [-0.602020, 0.640845, 2.019053, 0.953230, 0.162659],
    [-0.601133, 0.643512, 2.019684, 0.952953, 0.162413],
    [-0.599821, 0.643734, 2.020170, 0.953077, 0.162243],
    [-0.601922, 0.643414, 2.019420, 0.952874, 0.162518],
    [-0.602748, 0.640757, 2.018820, 0.953162, 0.162751],
    [-0.602352, 0.643412, 2.019345, 0.952828, 0.162573],
    [-0.603154, 0.640754, 2.018760, 0.953123, 0.162797],
    [-0.602386, 0.639501, 2.018869, 0.953322, 0.162949],
    [-0.602872, 0.639682, 2.018686, 0.953283, 0.162877],
    [-0.602719, 0.639446, 2.018832, 0.953311, 0.162954],
    [-0.603252, 0.639653, 2.018633, 0.953257, 0.162904],
    [-0.846561, 0.845643, 1.450993, 0.548921, 0.218890],
    [-0.847847, 0.845278, 1.450489, 0.549378, 0.218931],
    [-0.847034, 0.847019, 1.444309, 0.549304, 0.219045],
    [-0.848169, 0.846668, 1.443804, 0.549451, 0.218962],
    [-0.845028, 0.846107, 1.451611, 0.548670, 0.218933],
    [-0.845685, 0.847466, 1.444932, 0.549209, 0.219150],
    [-0.847109, 0.847721, 1.441540, 0.549552, 0.219147],
    [-0.847840, 0.847451, 1.441304, 0.549595, 0.219023],
    [-0.848120, 0.847268, 1.441430, 0.549523, 0.218992],
    [-0.847135, 0.847590, 1.441867, 0.549480, 0.219117],
    [-0.846038, 0.848104, 1.442015, 0.549509, 0.219270],
    [-0.845969, 0.847996, 1.442410, 0.549437, 0.219241],
    [-0.844804, 0.848408, 1.443029, 0.549394, 0.219366],
    [-0.843845, 0.848769, 1.443562, 0.549351, 0.219490],
    [-0.844218, 0.848727, 1.443120, 0.549424, 0.219518],
    [-0.844961, 0.848478, 1.442620, 0.549467, 0.219394],
    [-0.844343, 0.847931, 1.445583, 0.549218, 0.219296],
    [-0.843236, 0.848340, 1.446138, 0.549279, 0.219462],
    [-0.842236, 0.847020, 1.452783, 0.549207, 0.219435],
    [-0.843500, 0.846593, 1.452244, 0.548835, 0.219142],
    [-0.846884, 0.838191, 1.485733, 0.570958, 0.881381],
    [-0.845783, 0.838394, 1.485898, 0.571408, 0.881419],
    [-0.844498, 0.832068, 1.516142, 0.567560, 0.881201],
    [-0.843155, 0.832291, 1.516189, 0.567740, 0.881206],
    [-0.847472, 0.838135, 1.485676, 0.570619, 0.881348],
    [-0.845207, 0.832002, 1.516146, 0.567424, 0.881193],
    [-0.840567, 0.824099, 1.552043, 0.564072, 0.880994],
    [-0.842183, 0.823834, 1.552154, 0.563804, 0.881036],
    [-0.843025, 0.823750, 1.552237, 0.563602, 0.881062],
    [-0.841502, 0.847306, 1.453120, 0.135745, 0.263433],
    [-0.842236, 0.847020, 1.452783, 0.135645, 0.263869],
    [-0.842596, 0.848617, 1.446471, 0.135642, 0.263831],
    [-0.843236, 0.848340, 1.446138, 0.135626, 0.263944],
    [-0.843944, 0.848896, 1.443169, 0.135576, 0.264088],
    [-0.844218, 0.848727, 1.443120, 0.135587, 0.264093],
    [-0.843845, 0.848769, 1.443562, 0.135606, 0.264018],
    [-0.843295, 0.849025, 1.443840, 0.135595, 0.264014],
    [-0.843780, 0.849060, 1.443219, 0.135565, 0.264084],
    [-0.843064, 0.849206, 1.443964, 0.135583, 0.264008],
]

indices = [
    0, 1, 2,
    0, 2, 3,
    4, 0, 3,
    4, 3, 5,
    6, 7, 1,
    6, 1, 0,
    8, 6, 0,
    8, 0, 4,
    9, 10, 11,
    9, 11, 12,
    13, 14, 10,
    13, 10, 9,
    10, 4, 5,
    10, 5, 11,
    14, 8, 4,
    14, 4, 10,
    15, 16, 17,
    15, 17, 18,
    19, 15, 18,
    19, 18, 20,
    14, 13, 16,
    14, 16, 15,
    8, 14, 15,
    8, 15, 19,
    21, 22, 23,
    21, 23, 24,
    7, 6, 22,
    7, 22, 21,
    22, 19, 20,
    22, 20, 23,
    6, 8, 19,
    6, 19, 22,
    25, 26, 2,
    25, 2, 1,
    27, 25, 1,
    27, 1, 7,
    28, 29, 26,
    28, 26, 25,
    30, 28, 25,
    30, 25, 27,
    31, 32, 21,
    31, 21, 24,
    33, 34, 32,
    33, 32, 31,
    32, 27, 7,
    32, 7, 21,
    34, 30, 27,
    34, 27, 32,
    35, 36, 37,
    35, 37, 38,
    39, 35, 38,
    39, 38, 40,
    34, 33, 36,
    34, 36, 35,
    30, 34, 35,
    30, 35, 39,
    41, 42, 43,
    41, 43, 44,
    29, 28, 42,
    29, 42, 41,
    42, 39, 40,
    42, 40, 43,
    28, 30, 39,
    28, 39, 42,
    45, 46, 44,
    45, 44, 43,
    47, 45, 43,
    47, 43, 40,
    48, 49, 46,
    48, 46, 45,
    50, 48, 45,
    50, 45, 47,
    51, 52, 38,
    51, 38, 37,
    53, 54, 52,
    53, 52, 51,
    52, 47, 40,
    52, 40, 38,
    54, 50, 47,
    54, 47, 52,
    55, 56, 57,
    55, 57, 58,
    59, 55, 58,
    59, 58, 60,
    54, 53, 56,
    54, 56, 55,
    50, 54, 55,
    50, 55, 59,
    61, 62, 63,
    61, 63, 64,
    49, 48, 62,
    49, 62, 61,
    62, 59, 60,
    62, 60, 63,
    48, 50, 59,
    48, 59, 62,
    65, 66, 67,
    65, 67, 68,
    69, 65, 68,
    69, 68, 70,
    71, 72, 66,
    71, 66, 65,
    73, 71, 65,
    73, 65, 69,
    74, 75, 76,
    74, 76, 77,
    78, 79, 75,
    78, 75, 74,
    75, 69, 70,
    75, 70, 76,
    79, 73, 69,
    79, 69, 75,
    80, 81, 82,
    80, 82, 83,
    84, 80, 83,
    84, 83, 85,
    79, 78, 81,
    79, 81, 80,
    73, 79, 80,
    73, 80, 84,
    86, 87, 88,
    86, 88, 89,
    72, 71, 87,
    72, 87, 86,
    87, 84, 85,
    87, 85, 88,
    71, 73, 84,
    71, 84, 87,
    90, 91, 89,
    90, 89, 88,
    92, 90, 88,
    92, 88, 85,
    93, 94, 91,
    93, 91, 90,
    95, 93, 90,
    95, 90, 92,
    96, 97, 83,
    96, 83, 82,
    98, 99, 97,
    98, 97, 96,
    97, 92, 85,
    97, 85, 83,
    99, 95, 92,
    99, 92, 97,
    100, 101, 102,
    100, 102, 103,
    104, 100, 103,
    104, 103, 105,
    99, 98, 101,
    99, 101, 100,
    95, 99, 100,
    95, 100, 104,
    106, 107, 108,
    106, 108, 109,
    94, 93, 107,
    94, 107, 106,
    107, 104, 105,
    107, 105, 108,
    93, 95, 104,
    93, 104, 107,
    110, 111, 112,
    110, 112, 113,
    114, 110, 113,
    114, 113, 115,
    116, 117, 111,
    116, 111, 110,
    118, 116, 110,
    118, 110, 114,
    119, 120, 121,
    119, 121, 122,
    123, 124, 120,
    123, 120, 119,
    120, 114, 115,
    120, 115, 121,
    124, 118, 114,
    124, 114, 120,
    125, 126, 127,
    125, 127, 128,
    129, 125, 128,
    129, 128, 130,
    124, 123, 126,
    124, 126, 125,
    118, 124, 125,
    118, 125, 129,
    131, 132, 133,
    131, 133, 134,
    117, 116, 132,
    117, 132, 131,
    132, 129, 130,
    132, 130, 133,
    116, 118, 129,
    116, 129, 132,
    135, 136, 137,
    135, 137, 138,
    139, 135, 138,
    139, 138, 140,
    141, 142, 136,
    141, 136, 135,
    143, 141, 135,
    143, 135, 139,
    144, 145, 146,
    144, 146, 147,
    148, 149, 145,
    148, 145, 144,
    145, 139, 140,
    145, 140, 146,
    149, 143, 139,
    149, 139, 145,
    150, 151, 152,
    150, 152, 153,
    154, 150, 153,
    154, 153, 155,
    149, 148, 151,
    149, 151, 150,
    143, 149, 150,
    143, 150, 154,
    156, 157, 158,
    156, 158, 159,
    142, 141, 157,
    142, 157, 156,
    157, 154, 155,
    157, 155, 158,
    141, 143, 154,
    141, 154, 157,
    160, 161, 159,
    160, 159, 158,
    162, 160, 158,
    162, 158, 155,
    163, 164, 161,
    163, 161, 160,
    165, 163, 160,
    165, 160, 162,
    166, 167, 153,
    166, 153, 152,
    168, 169, 167,
    168, 167, 166,
    167, 162, 155,
    167, 155, 153,
    169, 165, 162,
    169, 162, 167,
    170, 171, 172,
    170, 172, 173,
    174, 170, 173,
    174, 173, 175,
    169, 168, 171,
    169, 171, 170,
    165, 169, 170,
    165, 170, 174,
    176, 177, 178,
    176, 178, 179,
    164, 163, 177,
    164, 177, 176,
    177, 174, 175,
    177, 175, 178,
    163, 165, 174,
    163, 174, 177,
    180, 181, 182,
    180, 182, 183,
    184, 185, 181,
    184, 181, 180,
    181, 186, 187,
    181, 187, 182,
    188, 189, 190,
    188, 190, 191,
    185, 184, 189,
    185, 189, 188,
    192, 193, 194,
    192, 194, 195,
    196, 197, 193,
    196, 193, 192,
    193, 198, 199,
    193, 199, 194,
    197, 200, 198,
    197, 198, 193,
    201, 202, 183,
    201, 183, 182,
    203, 201, 182,
    203, 182, 187,
    197, 196, 202,
    197, 202, 201,
    200, 197, 201,
    200, 201, 203,
    23, 204, 205,
    23, 205, 24,
    20, 206, 204,
    20, 204, 23,
    204, 207, 208,
    204, 208, 205,
    206, 209, 207,
    206, 207, 204,
    210, 18, 17,
    210, 17, 211,
    212, 210, 211,
    212, 211, 213,
    206, 20, 18,
    206, 18, 210,
    209, 206, 210,
    209, 210, 212,
    214, 215, 216,
    214, 216, 217,
    218, 219, 215,
    218, 215, 214,
    215, 220, 221,
    215, 221, 216,
    219, 222, 220,
    219, 220, 215,
    223, 224, 225,
    223, 225, 226,
    227, 223, 226,
    227, 226, 228,
    219, 218, 224,
    219, 224, 223,
    222, 219, 223,
    222, 223, 227,
    229, 230, 231,
    229, 231, 232,
    233, 234, 230,
    233, 230, 229,
    230, 235, 236,
    230, 236, 231,
    234, 237, 235,
    234, 235, 230,
    238, 239, 217,
    238, 217, 216,
    240, 238, 216,
    240, 216, 221,
    234, 233, 239,
    234, 239, 238,
    237, 234, 238,
    237, 238, 240,
    241, 242, 243,
    241, 243, 244,
    245, 246, 242,
    245, 242, 241,
    242, 247, 248,
    242, 248, 243,
    246, 249, 247,
    246, 247, 242,
    250, 251, 232,
    250, 232, 231,
    252, 250, 231,
    252, 231, 236,
    246, 245, 251,
    246, 251, 250,
    249, 246, 250,
    249, 250, 252,
    253, 254, 255,
    253, 255, 256,
    257, 258, 254,
    257, 254, 253,
    254, 259, 260,
    254, 260, 255,
    258, 261, 259,
    258, 259, 254,
    262, 263, 264,
    262, 264, 265,
    266, 262, 265,
    266, 265, 267,
    258, 257, 263,
    258, 263, 262,
    261, 258, 262,
    261, 262, 266,
    268, 269, 270,
    268, 270, 271,
    272, 273, 269,
    272, 269, 268,
    269, 274, 275,
    269, 275, 270,
    273, 276, 274,
    273, 274, 269,
    277, 278, 279,
    277, 279, 280,
    281, 277, 280,
    281, 280, 282,
    273, 272, 278,
    273, 278, 277,
    276, 273, 277,
    276, 277, 281,
    283, 284, 285,
    283, 285, 286,
    287, 288, 284,
    287, 284, 283,
    284, 289, 290,
    284, 290, 285,
    288, 291, 289,
    288, 289, 284,
    292, 293, 294,
    292, 294, 295,
    296, 292, 295,
    296, 295, 297,
    288, 287, 293,
    288, 293, 292,
    291, 288, 292,
    291, 292, 296,
    298, 299, 300,
    298, 300, 301,
    302, 303, 299,
    302, 299, 298,
    299, 304, 305,
    299, 305, 300,
    303, 306, 304,
    303, 304, 299,
    307, 308, 309,
    307, 309, 310,
    311, 307, 310,
    311, 310, 312,
    303, 302, 308,
    303, 308, 307,
    306, 303, 307,
    306, 307, 311,
    313, 314, 315,
    313, 315, 316,
    317, 318, 314,
    317, 314, 313,
    314, 319, 320,
    314, 320, 315,
    318, 321, 319,
    318, 319, 314,
    322, 323, 324,
    322, 324, 325,
    326, 322, 325,
    326, 325, 327,
    318, 317, 323,
    318, 323, 322,
    321, 318, 322,
    321, 322, 326,
    328, 329, 330,
    328, 330, 331,
    332, 333, 329,
    332, 329, 328,
    334, 335, 336,
    334, 336, 337,
    333, 332, 335,
    333, 335, 334,
    338, 339, 340,
    338, 340, 341,
    342, 343, 339,
    342, 339, 338,
    344, 345, 331,
    344, 331, 330,
    343, 342, 345,
    343, 345, 344,
    346, 347, 348,
    346, 348, 349,
    350, 351, 347,
    350, 347, 346,
    352, 353, 354,
    352, 354, 355,
    351, 350, 353,
    351, 353, 352,
    356, 357, 358,
    356, 358, 359,
    360, 361, 357,
    360, 357, 356,
    362, 363, 364,
    362, 364, 365,
    361, 360, 363,
    361, 363, 362,
    366, 367, 368,
    366, 368, 369,
    370, 371, 367,
    370, 367, 366,
    372, 373, 374,
    372, 374, 375,
    371, 370, 373,
    371, 373, 372,
    376, 377, 378,
    376, 378, 379,
    380, 381, 377,
    380, 377, 376,
    382, 383, 369,
    382, 369, 368,
    381, 380, 383,
    381, 383, 382,
    384, 385, 386,
    384, 386, 387,
    388, 389, 385,
    388, 385, 384,
    390, 391, 379,
    390, 379, 378,
    389, 388, 391,
    389, 391, 390,
    392, 128, 127,
    392, 127, 393,
    394, 392, 393,
    394, 393, 395,
    396, 130, 128,
    396, 128, 392,
    397, 396, 392,
    397, 392, 394,
    146, 398, 399,
    146, 399, 147,
    140, 400, 398,
    140, 398, 146,
    398, 394, 395,
    398, 395, 399,
    400, 397, 394,
    400, 394, 398,
    401, 138, 137,
    401, 137, 402,
    403, 401, 402,
    403, 402, 404,
    400, 140, 138,
    400, 138, 401,
    397, 400, 401,
    397, 401, 403,
    133, 405, 406,
    133, 406, 134,
    130, 396, 405,
    130, 405, 133,
    405, 403, 404,
    405, 404, 406,
    396, 397, 403,
    396, 403, 405,
    407, 280, 279,
    407, 279, 408,
    409, 407, 408,
    409, 408, 410,
    411, 282, 280,
    411, 280, 407,
    412, 411, 407,
    412, 407, 409,
    255, 413, 414,
    255, 414, 256,
    260, 415, 413,
    260, 413, 255,
    413, 409, 410,
    413, 410, 414,
    415, 412, 409,
    415, 409, 413,
    416, 355, 354,
    416, 354, 417,
    418, 416, 417,
    418, 417, 419,
    420, 421, 422,
    420, 422, 423,
    421, 418, 419,
    421, 419, 422,
    424, 103, 102,
    424, 102, 425,
    426, 424, 425,
    426, 425, 427,
    428, 105, 103,
    428, 103, 424,
    429, 428, 424,
    429, 424, 426,
    121, 430, 431,
    121, 431, 122,
    115, 432, 430,
    115, 430, 121,
    430, 426, 427,
    430, 427, 431,
    432, 429, 426,
    432, 426, 430,
    433, 113, 112,
    433, 112, 434,
    435, 433, 434,
    435, 434, 436,
    432, 115, 113,
    432, 113, 433,
    429, 432, 433,
    429, 433, 435,
    108, 437, 438,
    108, 438, 109,
    105, 428, 437,
    105, 437, 108,
    437, 435, 436,
    437, 436, 438,
    428, 429, 435,
    428, 435, 437,
    439, 265, 264,
    439, 264, 440,
    441, 439, 440,
    441, 440, 442,
    443, 267, 265,
    443, 265, 439,
    444, 443, 439,
    444, 439, 441,
    445, 446, 447,
    445, 447, 448,
    449, 450, 446,
    449, 446, 445,
    446, 441, 442,
    446, 442, 447,
    450, 444, 441,
    450, 441, 446,
    451, 365, 364,
    451, 364, 452,
    453, 451, 452,
    453, 452, 454,
    348, 455, 456,
    348, 456, 349,
    455, 453, 454,
    455, 454, 456,
    457, 9, 12,
    457, 12, 458,
    459, 457, 458,
    459, 458, 460,
    461, 13, 9,
    461, 9, 457,
    462, 461, 457,
    462, 457, 459,
    463, 464, 465,
    463, 465, 466,
    467, 468, 464,
    467, 464, 463,
    464, 459, 460,
    464, 460, 465,
    468, 462, 459,
    468, 459, 464,
    469, 470, 471,
    469, 471, 472,
    473, 469, 472,
    473, 472, 474,
    468, 467, 470,
    468, 470, 469,
    462, 468, 469,
    462, 469, 473,
    16, 475, 476,
    16, 476, 17,
    13, 461, 475,
    13, 475, 16,
    475, 473, 474,
    475, 474, 476,
    461, 462, 473,
    461, 473, 475,
    477, 478, 479,
    477, 479, 480,
    481, 477, 480,
    481, 480, 482,
    483, 484, 485,
    483, 485, 486,
    484, 481, 482,
    484, 482, 485,
    487, 211, 17,
    487, 17, 476,
    488, 487, 476,
    488, 476, 474,
    489, 213, 211,
    489, 211, 487,
    490, 489, 487,
    490, 487, 488,
    491, 492, 472,
    491, 472, 471,
    493, 494, 492,
    493, 492, 491,
    492, 488, 474,
    492, 474, 472,
    494, 490, 488,
    494, 488, 492,
    495, 191, 190,
    495, 190, 496,
    497, 495, 496,
    497, 496, 498,
    478, 499, 500,
    478, 500, 479,
    499, 497, 498,
    499, 498, 500,
    501, 463, 466,
    501, 466, 502,
    503, 501, 502,
    503, 502, 504,
    505, 467, 463,
    505, 463, 501,
    506, 505, 501,
    506, 501, 503,
    507, 508, 509,
    507, 509, 510,
    511, 512, 508,
    511, 508, 507,
    508, 503, 504,
    508, 504, 509,
    512, 506, 503,
    512, 503, 508,
    513, 514, 515,
    513, 515, 516,
    517, 513, 516,
    517, 516, 518,
    512, 511, 514,
    512, 514, 513,
    506, 512, 513,
    506, 513, 517,
    470, 519, 520,
    470, 520, 471,
    467, 505, 519,
    467, 519, 470,
    519, 517, 518,
    519, 518, 520,
    505, 506, 517,
    505, 517, 519,
    521, 491, 471,
    521, 471, 520,
    522, 521, 520,
    522, 520, 518,
    523, 493, 491,
    523, 491, 521,
    524, 523, 521,
    524, 521, 522,
    525, 526, 516,
    525, 516, 515,
    527, 528, 526,
    527, 526, 525,
    526, 522, 518,
    526, 518, 516,
    528, 524, 522,
    528, 522, 526,
    529, 173, 172,
    529, 172, 530,
    531, 529, 530,
    531, 530, 532,
    533, 175, 173,
    533, 173, 529,
    534, 533, 529,
    534, 529, 531,
    535, 536, 537,
    535, 537, 538,
    539, 540, 536,
    539, 536, 535,
    536, 531, 532,
    536, 532, 537,
    540, 534, 531,
    540, 531, 536,
    541, 542, 543,
    541, 543, 544,
    545, 541, 544,
    545, 544, 546,
    540, 539, 542,
    540, 542, 541,
    534, 540, 541,
    534, 541, 545,
    178, 547, 548,
    178, 548, 179,
    175, 533, 547,
    175, 547, 178,
    547, 545, 546,
    547, 546, 548,
    533, 534, 545,
    533, 545, 547,
    549, 310, 309,
    549, 309, 550,
    551, 549, 550,
    551, 550, 552,
    553, 312, 310,
    553, 310, 549,
    554, 553, 549,
    554, 549, 551,
    285, 555, 556,
    285, 556, 286,
    290, 557, 555,
    290, 555, 285,
    555, 551, 552,
    555, 552, 556,
    557, 554, 551,
    557, 551, 555,
    558, 337, 336,
    558, 336, 559,
    560, 558, 559,
    560, 559, 561,
    562, 563, 564,
    562, 564, 565,
    566, 567, 563,
    566, 563, 562,
    563, 560, 561,
    563, 561, 564,
    568, 569, 570,
    568, 570, 571,
    572, 573, 569,
    572, 569, 568,
    574, 568, 571,
    574, 571, 575,
    576, 572, 568,
    576, 568, 574,
    577, 578, 579,
    577, 579, 580,
    581, 577, 580,
    581, 580, 582,
    580, 579, 573,
    580, 573, 572,
    582, 580, 572,
    582, 572, 576,
    583, 584, 585,
    583, 585, 586,
    587, 588, 584,
    587, 584, 583,
    582, 583, 586,
    582, 586, 581,
    576, 587, 583,
    576, 583, 582,
    589, 590, 591,
    589, 591, 592,
    575, 589, 592,
    575, 592, 574,
    592, 591, 588,
    592, 588, 587,
    574, 592, 587,
    574, 587, 576,
    593, 571, 570,
    593, 570, 594,
    595, 575, 571,
    595, 571, 593,
    596, 593, 594,
    596, 594, 597,
    598, 595, 593,
    598, 593, 596,
    599, 590, 589,
    599, 589, 600,
    601, 599, 600,
    601, 600, 602,
    600, 589, 575,
    600, 575, 595,
    602, 600, 595,
    602, 595, 598,
    603, 604, 605,
    603, 605, 606,
    607, 608, 604,
    607, 604, 603,
    602, 603, 606,
    602, 606, 601,
    598, 607, 603,
    598, 603, 602,
    609, 610, 611,
    609, 611, 612,
    597, 609, 612,
    597, 612, 596,
    612, 611, 608,
    612, 608, 607,
    596, 612, 607,
    596, 607, 598,
    613, 611, 610,
    613, 610, 614,
    615, 608, 611,
    615, 611, 613,
    616, 613, 614,
    616, 614, 617,
    618, 615, 613,
    618, 613, 616,
    619, 605, 604,
    619, 604, 620,
    621, 619, 620,
    621, 620, 622,
    620, 604, 608,
    620, 608, 615,
    622, 620, 615,
    622, 615, 618,
    623, 624, 625,
    623, 625, 626,
    627, 628, 624,
    627, 624, 623,
    622, 623, 626,
    622, 626, 621,
    618, 627, 623,
    618, 623, 622,
    629, 630, 631,
    629, 631, 632,
    617, 629, 632,
    617, 632, 616,
    632, 631, 628,
    632, 628, 627,
    616, 632, 627,
    616, 627, 618,
    633, 634, 635,
    633, 635, 636,
    637, 638, 634,
    637, 634, 633,
    639, 633, 636,
    639, 636, 640,
    641, 637, 633,
    641, 633, 639,
    642, 643, 644,
    642, 644, 645,
    646, 642, 645,
    646, 645, 647,
    645, 644, 638,
    645, 638, 637,
    647, 645, 637,
    647, 637, 641,
    648, 649, 650,
    648, 650, 651,
    652, 653, 649,
    652, 649, 648,
    647, 648, 651,
    647, 651, 646,
    641, 652, 648,
    641, 648, 647,
    654, 655, 656,
    654, 656, 657,
    640, 654, 657,
    640, 657, 639,
    657, 656, 653,
    657, 653, 652,
    639, 657, 652,
    639, 652, 641,
    658, 656, 655,
    658, 655, 659,
    660, 653, 656,
    660, 656, 658,
    661, 658, 659,
    661, 659, 662,
    663, 660, 658,
    663, 658, 661,
    664, 650, 649,
    664, 649, 665,
    666, 664, 665,
    666, 665, 667,
    665, 649, 653,
    665, 653, 660,
    667, 665, 660,
    667, 660, 663,
    668, 669, 670,
    668, 670, 671,
    672, 673, 669,
    672, 669, 668,
    667, 668, 671,
    667, 671, 666,
    663, 672, 668,
    663, 668, 667,
    674, 675, 676,
    674, 676, 677,
    662, 674, 677,
    662, 677, 661,
    677, 676, 673,
    677, 673, 672,
    661, 677, 672,
    661, 672, 663,
    678, 679, 680,
    678, 680, 681,
    682, 683, 679,
    682, 679, 678,
    684, 678, 681,
    684, 681, 685,
    686, 682, 678,
    686, 678, 684,
    687, 688, 689,
    687, 689, 690,
    691, 687, 690,
    691, 690, 692,
    690, 689, 683,
    690, 683, 682,
    692, 690, 682,
    692, 682, 686,
    693, 694, 695,
    693, 695, 696,
    697, 698, 694,
    697, 694, 693,
    692, 693, 696,
    692, 696, 691,
    686, 697, 693,
    686, 693, 692,
    699, 700, 701,
    699, 701, 702,
    685, 699, 702,
    685, 702, 684,
    702, 701, 698,
    702, 698, 697,
    684, 702, 697,
    684, 697, 686,
    703, 704, 705,
    703, 705, 706,
    707, 708, 704,
    707, 704, 703,
    709, 703, 706,
    709, 706, 710,
    711, 707, 703,
    711, 703, 709,
    712, 713, 714,
    712, 714, 715,
    716, 712, 715,
    716, 715, 717,
    715, 714, 708,
    715, 708, 707,
    717, 715, 707,
    717, 707, 711,
    718, 719, 720,
    718, 720, 721,
    722, 723, 719,
    722, 719, 718,
    717, 718, 721,
    717, 721, 716,
    711, 722, 718,
    711, 718, 717,
    724, 725, 726,
    724, 726, 727,
    710, 724, 727,
    710, 727, 709,
    727, 726, 723,
    727, 723, 722,
    709, 727, 722,
    709, 722, 711,
    728, 726, 725,
    728, 725, 729,
    730, 723, 726,
    730, 726, 728,
    731, 728, 729,
    731, 729, 732,
    733, 730, 728,
    733, 728, 731,
    734, 720, 719,
    734, 719, 735,
    736, 734, 735,
    736, 735, 737,
    735, 719, 723,
    735, 723, 730,
    737, 735, 730,
    737, 730, 733,
    738, 739, 740,
    738, 740, 741,
    742, 743, 739,
    742, 739, 738,
    737, 738, 741,
    737, 741, 736,
    733, 742, 738,
    733, 738, 737,
    744, 745, 746,
    744, 746, 747,
    732, 744, 747,
    732, 747, 731,
    747, 746, 743,
    747, 743, 742,
    731, 747, 742,
    731, 742, 733,
    748, 749, 750,
    748, 750, 751,
    752, 748, 751,
    752, 751, 753,
    751, 750, 754,
    751, 754, 755,
    756, 757, 758,
    756, 758, 759,
    753, 756, 759,
    753, 759, 752,
    760, 761, 762,
    760, 762, 763,
    764, 760, 763,
    764, 763, 765,
    763, 762, 766,
    763, 766, 767,
    765, 763, 767,
    765, 767, 768,
    769, 750, 749,
    769, 749, 770,
    771, 754, 750,
    771, 750, 769,
    765, 769, 770,
    765, 770, 764,
    768, 771, 769,
    768, 769, 765,
    591, 590, 772,
    591, 772, 773,
    588, 591, 773,
    588, 773, 774,
    773, 772, 775,
    773, 775, 776,
    774, 773, 776,
    774, 776, 777,
    778, 779, 585,
    778, 585, 584,
    780, 781, 779,
    780, 779, 778,
    774, 778, 584,
    774, 584, 588,
    777, 780, 778,
    777, 778, 774,
    782, 783, 784,
    782, 784, 785,
    786, 782, 785,
    786, 785, 787,
    785, 784, 788,
    785, 788, 789,
    787, 785, 789,
    787, 789, 790,
    791, 792, 793,
    791, 793, 794,
    795, 796, 792,
    795, 792, 791,
    787, 791, 794,
    787, 794, 786,
    790, 795, 791,
    790, 791, 787,
    797, 798, 799,
    797, 799, 800,
    801, 797, 800,
    801, 800, 802,
    800, 799, 803,
    800, 803, 804,
    802, 800, 804,
    802, 804, 805,
    806, 784, 783,
    806, 783, 807,
    808, 788, 784,
    808, 784, 806,
    802, 806, 807,
    802, 807, 801,
    805, 808, 806,
    805, 806, 802,
    809, 810, 811,
    809, 811, 812,
    813, 809, 812,
    813, 812, 814,
    812, 811, 815,
    812, 815, 816,
    814, 812, 816,
    814, 816, 817,
    818, 799, 798,
    818, 798, 819,
    820, 803, 799,
    820, 799, 818,
    814, 818, 819,
    814, 819, 813,
    817, 820, 818,
    817, 818, 814,
    821, 822, 823,
    821, 823, 824,
    825, 821, 824,
    825, 824, 826,
    824, 823, 827,
    824, 827, 828,
    826, 824, 828,
    826, 828, 829,
    830, 831, 832,
    830, 832, 833,
    834, 835, 831,
    834, 831, 830,
    826, 830, 833,
    826, 833, 825,
    829, 834, 830,
    829, 830, 826,
    836, 837, 838,
    836, 838, 839,
    840, 836, 839,
    840, 839, 841,
    839, 838, 842,
    839, 842, 843,
    841, 839, 843,
    841, 843, 844,
    845, 846, 847,
    845, 847, 848,
    849, 850, 846,
    849, 846, 845,
    841, 845, 848,
    841, 848, 840,
    844, 849, 845,
    844, 845, 841,
    851, 852, 853,
    851, 853, 854,
    855, 851, 854,
    855, 854, 856,
    854, 853, 857,
    854, 857, 858,
    856, 854, 858,
    856, 858, 859,
    860, 861, 862,
    860, 862, 863,
    864, 865, 861,
    864, 861, 860,
    856, 860, 863,
    856, 863, 855,
    859, 864, 860,
    859, 860, 856,
    866, 867, 868,
    866, 868, 869,
    870, 866, 869,
    870, 869, 871,
    869, 868, 872,
    869, 872, 873,
    871, 869, 873,
    871, 873, 874,
    875, 876, 877,
    875, 877, 878,
    879, 880, 876,
    879, 876, 875,
    871, 875, 878,
    871, 878, 870,
    874, 879, 875,
    874, 875, 871,
    881, 882, 883,
    881, 883, 884,
    885, 881, 884,
    885, 884, 886,
    884, 883, 887,
    884, 887, 888,
    886, 884, 888,
    886, 888, 889,
    890, 891, 892,
    890, 892, 893,
    894, 895, 891,
    894, 891, 890,
    886, 890, 893,
    886, 893, 885,
    889, 894, 890,
    889, 890, 886,
    896, 897, 898,
    896, 898, 899,
    900, 896, 899,
    900, 899, 901,
    902, 903, 904,
    902, 904, 905,
    901, 902, 905,
    901, 905, 900,
    906, 907, 908,
    906, 908, 909,
    910, 906, 909,
    910, 909, 911,
    912, 898, 897,
    912, 897, 913,
    911, 912, 913,
    911, 913, 910,
    914, 915, 916,
    914, 916, 917,
    918, 914, 917,
    918, 917, 919,
    920, 921, 922,
    920, 922, 923,
    919, 920, 923,
    919, 923, 918,
    924, 925, 926,
    924, 926, 927,
    928, 924, 927,
    928, 927, 929,
    930, 931, 932,
    930, 932, 933,
    929, 930, 933,
    929, 933, 928,
    934, 935, 936,
    934, 936, 937,
    938, 934, 937,
    938, 937, 939,
    940, 941, 942,
    940, 942, 943,
    939, 940, 943,
    939, 943, 938,
    944, 945, 946,
    944, 946, 947,
    948, 944, 947,
    948, 947, 949,
    950, 936, 935,
    950, 935, 951,
    949, 950, 951,
    949, 951, 948,
    952, 953, 954,
    952, 954, 955,
    956, 952, 955,
    956, 955, 957,
    958, 946, 945,
    958, 945, 959,
    957, 958, 959,
    957, 959, 956,
    960, 961, 695,
    960, 695, 694,
    962, 963, 961,
    962, 961, 960,
    964, 960, 694,
    964, 694, 698,
    965, 962, 960,
    965, 960, 964,
    714, 713, 966,
    714, 966, 967,
    708, 714, 967,
    708, 967, 968,
    967, 966, 963,
    967, 963, 962,
    968, 967, 962,
    968, 962, 965,
    969, 970, 705,
    969, 705, 704,
    971, 972, 970,
    971, 970, 969,
    968, 969, 704,
    968, 704, 708,
    965, 971, 969,
    965, 969, 968,
    701, 700, 973,
    701, 973, 974,
    698, 701, 974,
    698, 974, 964,
    974, 973, 972,
    974, 972, 971,
    964, 974, 971,
    964, 971, 965,
    975, 976, 847,
    975, 847, 846,
    977, 978, 976,
    977, 976, 975,
    979, 975, 846,
    979, 846, 850,
    980, 977, 975,
    980, 975, 979,
    823, 822, 981,
    823, 981, 982,
    827, 823, 982,
    827, 982, 983,
    982, 981, 978,
    982, 978, 977,
    983, 982, 977,
    983, 977, 980,
    984, 985, 922,
    984, 922, 921,
    986, 987, 985,
    986, 985, 984,
    988, 989, 990,
    988, 990, 991,
    991, 990, 987,
    991, 987, 986,
    992, 993, 670,
    992, 670, 669,
    994, 995, 993,
    994, 993, 992,
    996, 992, 669,
    996, 669, 673,
    997, 994, 992,
    997, 992, 996,
    689, 688, 998,
    689, 998, 999,
    683, 689, 999,
    683, 999, 1000,
    999, 998, 995,
    999, 995, 994,
    1000, 999, 994,
    1000, 994, 997,
    1001, 1002, 680,
    1001, 680, 679,
    1003, 1004, 1002,
    1003, 1002, 1001,
    1000, 1001, 679,
    1000, 679, 683,
    997, 1003, 1001,
    997, 1001, 1000,
    676, 675, 1005,
    676, 1005, 1006,
    673, 676, 1006,
    673, 1006, 996,
    1006, 1005, 1004,
    1006, 1004, 1003,
    996, 1006, 1003,
    996, 1003, 997,
    1007, 1008, 832,
    1007, 832, 831,
    1009, 1010, 1008,
    1009, 1008, 1007,
    1011, 1007, 831,
    1011, 831, 835,
    1012, 1009, 1007,
    1012, 1007, 1011,
    1013, 1014, 1015,
    1013, 1015, 1016,
    1017, 1013, 1016,
    1017, 1016, 1018,
    1016, 1015, 1010,
    1016, 1010, 1009,
    1018, 1016, 1009,
    1018, 1009, 1012,
    1019, 1020, 932,
    1019, 932, 931,
    1021, 1022, 1020,
    1021, 1020, 1019,
    916, 915, 1023,
    916, 1023, 1024,
    1024, 1023, 1022,
    1024, 1022, 1021,
    1025, 1026, 578,
    1025, 578, 577,
    1027, 1028, 1026,
    1027, 1026, 1025,
    1029, 1025, 577,
    1029, 577, 581,
    1030, 1027, 1025,
    1030, 1025, 1029,
    1031, 1032, 1033,
    1031, 1033, 1034,
    1035, 1031, 1034,
    1035, 1034, 1036,
    1034, 1033, 1028,
    1034, 1028, 1027,
    1036, 1034, 1027,
    1036, 1027, 1030,
    1037, 1038, 1039,
    1037, 1039, 1040,
    1041, 1042, 1038,
    1041, 1038, 1037,
    1036, 1037, 1040,
    1036, 1040, 1035,
    1030, 1041, 1037,
    1030, 1037, 1036,
    586, 585, 1043,
    586, 1043, 1044,
    581, 586, 1044,
    581, 1044, 1029,
    1044, 1043, 1042,
    1044, 1042, 1041,
    1029, 1044, 1041,
    1029, 1041, 1030,
    1045, 1046, 1047,
    1045, 1047, 1048,
    1049, 1050, 1046,
    1049, 1046, 1045,
    1051, 1052, 1053,
    1051, 1053, 1054,
    1054, 1053, 1050,
    1054, 1050, 1049,
    1055, 1043, 585,
    1055, 585, 779,
    1056, 1042, 1043,
    1056, 1043, 1055,
    1057, 1055, 779,
    1057, 779, 781,
    1058, 1056, 1055,
    1058, 1055, 1057,
    1059, 1039, 1038,
    1059, 1038, 1060,
    1061, 1059, 1060,
    1061, 1060, 1062,
    1060, 1038, 1042,
    1060, 1042, 1056,
    1062, 1060, 1056,
    1062, 1056, 1058,
    1063, 1064, 758,
    1063, 758, 757,
    1065, 1066, 1064,
    1065, 1064, 1063,
    1048, 1047, 1067,
    1048, 1067, 1068,
    1068, 1067, 1066,
    1068, 1066, 1065,
    1069, 1070, 1032,
    1069, 1032, 1031,
    1071, 1072, 1070,
    1071, 1070, 1069,
    1073, 1069, 1031,
    1073, 1031, 1035,
    1074, 1071, 1069,
    1074, 1069, 1073,
    1075, 1076, 1077,
    1075, 1077, 1078,
    1079, 1075, 1078,
    1079, 1078, 1080,
    1078, 1077, 1072,
    1078, 1072, 1071,
    1080, 1078, 1071,
    1080, 1071, 1074,
    1081, 1082, 1083,
    1081, 1083, 1084,
    1085, 1086, 1082,
    1085, 1082, 1081,
    1080, 1081, 1084,
    1080, 1084, 1079,
    1074, 1085, 1081,
    1074, 1081, 1080,
    1040, 1039, 1087,
    1040, 1087, 1088,
    1035, 1040, 1088,
    1035, 1088, 1073,
    1088, 1087, 1086,
    1088, 1086, 1085,
    1073, 1088, 1085,
    1073, 1085, 1074,
    1089, 1087, 1039,
    1089, 1039, 1059,
    1090, 1086, 1087,
    1090, 1087, 1089,
    1091, 1089, 1059,
    1091, 1059, 1061,
    1092, 1090, 1089,
    1092, 1089, 1091,
    1093, 1083, 1082,
    1093, 1082, 1094,
    1095, 1093, 1094,
    1095, 1094, 1096,
    1094, 1082, 1086,
    1094, 1086, 1090,
    1096, 1094, 1090,
    1096, 1090, 1092,
    1097, 1098, 740,
    1097, 740, 739,
    1099, 1100, 1098,
    1099, 1098, 1097,
    1101, 1097, 739,
    1101, 739, 743,
    1102, 1099, 1097,
    1102, 1097, 1101,
    1103, 1104, 1105,
    1103, 1105, 1106,
    1107, 1103, 1106,
    1107, 1106, 1108,
    1106, 1105, 1100,
    1106, 1100, 1099,
    1108, 1106, 1099,
    1108, 1099, 1102,
    1109, 1110, 1111,
    1109, 1111, 1112,
    1113, 1114, 1110,
    1113, 1110, 1109,
    1108, 1109, 1112,
    1108, 1112, 1107,
    1102, 1113, 1109,
    1102, 1109, 1108,
    746, 745, 1115,
    746, 1115, 1116,
    743, 746, 1116,
    743, 1116, 1101,
    1116, 1115, 1114,
    1116, 1114, 1113,
    1101, 1116, 1113,
    1101, 1113, 1102,
    1117, 1118, 877,
    1117, 877, 876,
    1119, 1120, 1118,
    1119, 1118, 1117,
    1121, 1117, 876,
    1121, 876, 880,
    1122, 1119, 1117,
    1122, 1117, 1121,
    853, 852, 1123,
    853, 1123, 1124,
    857, 853, 1124,
    857, 1124, 1125,
    1124, 1123, 1120,
    1124, 1120, 1119,
    1125, 1124, 1119,
    1125, 1119, 1122,
    1126, 1127, 904,
    1126, 904, 903,
    1128, 1129, 1127,
    1128, 1127, 1126,
    1130, 1131, 1132,
    1130, 1132, 1133,
    1134, 1130, 1133,
    1134, 1133, 1135,
    1133, 1132, 1129,
    1133, 1129, 1128,
]
