vertices = [
    [0.662129, 0.222326, -1.737802, 0.966518, 0.734226],
    [0.662207, 0.213779, -1.737574, 0.965780, 0.731698],
    [0.663140, 0.214132, -1.843679, 0.997145, 0.718518],
    [0.662981, 0.222331, -1.843177, 0.997251, 0.720681],
    [0.658025, 0.672343, -1.140839, 1.000000, 0.100000],
    [0.656413, 0.724057, -1.222709, 1.000000, 0.076807],
    [0.679862, 0.724057, -1.222709, 1.000000, 0.076807],
    [0.681474, 0.672343, -1.140839, 1.000000, 0.100000],
    [0.659132, 0.490334, -1.017945, 1.000000, 0.200000],
    [0.659136, 0.549399, -1.044816, 1.000000, 0.174229],
    [0.682585, 0.549399, -1.044816, 1.000000, 0.174229],
    [0.682581, 0.490334, -1.017945, 1.000000, 0.200000],
    [0.655413, 0.758724, -1.301394, 1.000000, 0.050000],
    [0.655056, 0.771246, -1.418839, 1.000000, 0.972676],
    [0.678506, 0.771246, -1.418839, 1.000000, 0.972676],
    [0.678862, 0.758724, -1.301394, 1.000000, 0.050000],
    [0.659140, 0.604929, -1.074749, 1.000000, 0.150000],
    [0.682589, 0.604929, -1.074749, 1.000000, 0.150000],
    [0.658661, 0.354529, -1.000603, 1.000000, 0.227726],
    [0.682110, 0.354529, -1.000603, 1.000000, 0.227726],
    [0.686430, 0.222331, -1.843177, 0.997251, 0.720681],
    [0.686589, 0.214132, -1.843679, 0.997145, 0.718518],
    [0.679305, 0.750176, -1.555176, 1.000000, 0.950000],
    [0.655855, 0.750176, -1.555176, 1.000000, 0.950000],
    [0.656830, 0.708475, -1.634449, 1.000000, 0.900000],
    [0.680280, 0.708475, -1.634449, 1.000000, 0.900000],
    [0.658615, 0.609994, -1.748158, 1.000000, 0.848895],
    [0.682064, 0.609994, -1.748158, 1.000000, 0.848895],
    [0.679368, 0.222900, -0.995304, 0.766764, 0.775697],
    [0.655919, 0.222900, -0.995304, 0.766764, 0.775697],
    [0.659077, 0.541824, -1.793128, 1.000000, 0.828393],
    [0.658870, 0.434783, -1.830169, 1.000000, 0.776742],
    [0.682320, 0.434783, -1.830169, 1.000000, 0.776742],
    [0.682526, 0.541824, -1.793128, 1.000000, 0.828393],
    [0.887910, 0.724057, -1.222709, 1.000000, 0.076807],
    [0.889522, 0.672343, -1.140838, 1.000000, 0.100000],
    [0.777423, 0.672343, -1.140838, 1.000000, 0.100000],
    [0.775812, 0.724058, -1.222709, 1.000000, 0.076807],
    [0.890629, 0.490334, -1.017945, 1.000000, 0.200000],
    [0.778531, 0.490334, -1.017945, 1.000000, 0.200000],
    [0.778535, 0.549399, -1.044816, 1.000000, 0.174229],
    [0.890633, 0.549399, -1.044816, 1.000000, 0.174229],
    [0.886910, 0.758724, -1.301394, 1.000000, 0.050000],
    [0.774812, 0.758724, -1.301394, 1.000000, 0.050000],
    [0.774455, 0.771246, -1.418839, 1.000000, 0.972676],
    [0.886553, 0.771246, -1.418839, 1.000000, 0.972676],
    [0.890637, 0.604929, -1.074749, 1.000000, 0.150000],
    [0.778539, 0.604929, -1.074749, 1.000000, 0.150000],
    [0.890158, 0.354529, -1.000603, 1.000000, 0.227726],
    [0.778060, 0.354529, -1.000603, 1.000000, 0.227726],
    [0.890367, 0.434783, -1.830169, 1.000000, 0.776742],
    [0.778269, 0.434783, -1.830169, 1.000000, 0.776742],
    [0.780579, 0.315420, -1.837478, 0.998456, 0.745245],
    [0.892677, 0.315420, -1.837478, 0.998456, 0.745245],
    [0.887352, 0.750176, -1.555176, 1.000000, 0.950000],
    [0.775255, 0.750176, -1.555176, 1.000000, 0.950000],
    [0.776229, 0.708475, -1.634449, 1.000000, 0.900000],
    [0.888327, 0.708475, -1.634449, 1.000000, 0.900000],
    [0.778014, 0.609994, -1.748158, 1.000000, 0.848895],
    [0.890112, 0.609994, -1.748158, 1.000000, 0.848895],
    [0.887174, 0.211307, -0.994837, 0.746223, 0.823957],
    [0.775077, 0.211307, -0.994837, 0.746223, 0.823957],
    [0.775318, 0.222900, -0.995304, 0.766764, 0.775697],
    [0.887415, 0.222900, -0.995304, 0.766764, 0.775697],
    [0.890574, 0.541824, -1.793128, 1.000000, 0.828393],
    [0.778476, 0.541824, -1.793128, 1.000000, 0.828393],
    [0.629852, 0.213073, -1.525363, 1.000000, 0.901851],
    [0.660341, 0.213073, -1.525363, 1.000000, 0.918570],
    [0.659408, 0.212720, -1.419258, 1.000000, 0.900535],
    [0.628962, 0.212720, -1.419258, 1.000000, 0.884083],
    [0.655677, 0.211318, -0.964937, 0.746223, 0.823957],
    [0.655677, 0.211307, -0.994837, 0.746223, 0.823957],
    [0.679126, 0.211307, -0.994837, 0.746223, 0.823957],
    [0.679126, 0.211318, -0.964937, 0.746223, 0.823957],
    [0.775077, 0.211318, -0.964937, 0.746223, 0.823957],
    [0.887174, 0.211318, -0.964937, 0.746223, 0.823957],
    [0.626291, 0.211660, -1.100942, 1.000000, 0.830779],
    [0.656609, 0.211660, -1.100942, 1.000000, 0.846429],
    [0.655677, 0.211307, -0.994837, 1.000000, 0.828393],
    [0.625401, 0.211307, -0.994837, 1.000000, 0.813011],
    [0.627181, 0.212014, -1.207048, 1.000000, 0.848547],
    [0.657543, 0.212014, -1.207048, 1.000000, 0.864464],
    [0.628072, 0.212367, -1.313153, 1.000000, 0.866315],
    [0.658476, 0.212367, -1.313153, 1.000000, 0.882499],
    [0.655856, 0.668588, -1.418916, 0.976415, 0.935651],
    [0.655976, 0.658303, -1.303555, 0.970650, 0.184987],
    [0.656620, 0.629943, -1.219831, 0.964885, 0.209290],
    [0.657764, 0.587669, -1.133505, 0.959120, 0.230642],
    [0.656644, 0.223083, -1.101932, 0.782386, 0.795446],
    [0.657043, 0.352780, -1.113164, 0.836858, 0.621363],
    [0.656680, 0.651455, -1.549696, 0.982180, 0.914721],
    [0.657647, 0.617484, -1.633901, 0.987945, 0.871488],
    [0.659275, 0.537169, -1.746212, 0.993710, 0.827354],
    [0.656945, 0.528803, -1.419021, 0.944301, 0.885236],
    [0.656742, 0.521563, -1.306498, 0.930686, 0.368794],
    [0.656903, 0.501791, -1.215911, 0.917071, 0.389685],
    [0.657426, 0.477338, -1.123950, 0.903456, 0.408532],
    [0.657802, 0.517032, -1.542235, 0.957916, 0.866682],
    [0.658759, 0.493586, -1.633155, 0.971531, 0.832665],
    [0.660174, 0.438007, -1.743563, 0.985146, 0.798022],
    [0.658249, 0.361560, -1.419147, 0.905879, 0.824918],
    [0.657659, 0.357964, -1.310019, 0.882872, 0.588704],
    [0.657239, 0.349390, -1.211249, 0.859865, 0.605515],
    [0.659146, 0.356204, -1.533308, 0.928886, 0.809208],
    [0.660089, 0.345351, -1.632263, 0.951892, 0.786216],
    [0.661250, 0.319366, -1.740394, 0.974899, 0.762929],
    [0.659315, 0.224767, -1.419249, 0.874452, 0.775582],
    [0.658410, 0.224152, -1.312899, 0.843763, 0.768576],
    [0.657518, 0.223133, -1.207388, 0.813074, 0.782050],
    [0.660244, 0.224658, -1.526006, 0.905141, 0.762198],
    [0.661178, 0.224104, -1.631533, 0.935829, 0.748224],
    [0.684629, 0.315420, -1.837478, 0.998456, 0.745245],
    [0.782380, 0.222331, -1.843177, 0.997251, 0.720681],
    [0.894478, 0.222331, -1.843177, 0.997251, 0.720681],
    [0.661180, 0.315420, -1.837478, 0.998456, 0.745245],
    [-0.007349, 0.211318, -0.964938, 1.000000, 0.491543],
    [-0.007349, 0.211307, -0.994838, 1.000000, 0.491543],
    [0.625401, 0.211318, -0.964937, 1.000000, 0.813011],
    [-0.007349, 0.213779, -1.737575, 1.000000, 0.576801],
    [-0.007349, 0.214133, -1.843680, 1.000000, 0.588980],
    [0.632523, 0.214132, -1.843679, 1.000000, 0.955155],
    [0.631632, 0.213779, -1.737574, 1.000000, 0.937387],
    [-0.007349, 0.213426, -1.631469, 1.000000, 0.564622],
    [0.630742, 0.213426, -1.631469, 1.000000, 0.919619],
    [-0.007349, 0.213073, -1.525364, 1.000000, 0.552442],
    [-0.677837, 0.214133, -1.843680, 0.997145, 0.718518],
    [-0.676904, 0.213780, -1.737575, 0.965780, 0.731698],
    [-0.676779, 0.227564, -1.737944, 0.966971, 0.735775],
    [-0.677581, 0.227356, -1.842871, 0.997316, 0.722007],
    [-0.691149, 0.724058, -1.222710, 1.000000, 0.076807],
    [-0.671111, 0.724058, -1.222710, 1.000000, 0.076807],
    [-0.672723, 0.672344, -1.140840, 1.000000, 0.100000],
    [-0.692761, 0.672344, -1.140840, 1.000000, 0.100000],
    [-0.693873, 0.549400, -1.044817, 1.000000, 0.174229],
    [-0.673834, 0.549400, -1.044817, 1.000000, 0.174229],
    [-0.673831, 0.490335, -1.017946, 1.000000, 0.200000],
    [-0.693869, 0.490335, -1.017946, 1.000000, 0.200000],
    [-0.689792, 0.771246, -1.418841, 1.000000, 0.972676],
    [-0.669754, 0.771246, -1.418841, 1.000000, 0.972676],
    [-0.670111, 0.758725, -1.301396, 1.000000, 0.050000],
    [-0.690149, 0.758725, -1.301396, 1.000000, 0.050000],
    [-0.673839, 0.604930, -1.074750, 1.000000, 0.150000],
    [-0.693877, 0.604930, -1.074750, 1.000000, 0.150000],
    [-0.673359, 0.354530, -1.000605, 1.000000, 0.227726],
    [-0.693397, 0.354530, -1.000605, 1.000000, 0.227726],
    [-0.697619, 0.227356, -1.842871, 0.997316, 0.722007],
    [-0.697875, 0.214133, -1.843680, 0.997145, 0.718518],
    [-0.691566, 0.708475, -1.634450, 1.000000, 0.900000],
    [-0.671528, 0.708475, -1.634450, 1.000000, 0.900000],
    [-0.670553, 0.750176, -1.555177, 1.000000, 0.950000],
    [-0.690591, 0.750176, -1.555177, 1.000000, 0.950000],
    [-0.693350, 0.609995, -1.748159, 1.000000, 0.848895],
    [-0.673312, 0.609995, -1.748159, 1.000000, 0.848895],
    [-0.690803, 0.230005, -0.995591, 0.779353, 0.746121],
    [-0.670765, 0.230005, -0.995591, 0.779353, 0.746121],
    [-0.693606, 0.434784, -1.830171, 1.000000, 0.776742],
    [-0.673567, 0.434784, -1.830171, 1.000000, 0.776742],
    [-0.673774, 0.541825, -1.793130, 1.000000, 0.828393],
    [-0.693812, 0.541825, -1.793130, 1.000000, 0.828393],
    [-0.902608, 0.724058, -1.222710, 1.000000, 0.076807],
    [-0.790509, 0.724058, -1.222710, 1.000000, 0.076807],
    [-0.792122, 0.672344, -1.140840, 1.000000, 0.100000],
    [-0.904220, 0.672344, -1.140840, 1.000000, 0.100000],
    [-0.793233, 0.549400, -1.044817, 1.000000, 0.174229],
    [-0.793230, 0.490335, -1.017946, 1.000000, 0.200000],
    [-0.905328, 0.490335, -1.017946, 1.000000, 0.200000],
    [-0.905331, 0.549400, -1.044817, 1.000000, 0.174229],
    [-0.789153, 0.771246, -1.418841, 1.000000, 0.972676],
    [-0.789510, 0.758725, -1.301396, 1.000000, 0.050000],
    [-0.901608, 0.758725, -1.301396, 1.000000, 0.050000],
    [-0.901251, 0.771246, -1.418841, 1.000000, 0.972676],
    [-0.793238, 0.604930, -1.074750, 1.000000, 0.150000],
    [-0.905336, 0.604930, -1.074750, 1.000000, 0.150000],
    [-0.792758, 0.354530, -1.000605, 1.000000, 0.227726],
    [-0.904857, 0.354530, -1.000605, 1.000000, 0.227726],
    [-0.795276, 0.315421, -1.837479, 0.998456, 0.745245],
    [-0.792966, 0.434784, -1.830171, 1.000000, 0.776742],
    [-0.905065, 0.434784, -1.830171, 1.000000, 0.776742],
    [-0.907375, 0.315421, -1.837479, 0.998456, 0.745245],
    [-0.790926, 0.708475, -1.634450, 1.000000, 0.900000],
    [-0.789951, 0.750176, -1.555177, 1.000000, 0.950000],
    [-0.902050, 0.750176, -1.555177, 1.000000, 0.950000],
    [-0.903024, 0.708476, -1.634450, 1.000000, 0.900000],
    [-0.792711, 0.609995, -1.748159, 1.000000, 0.848895],
    [-0.904809, 0.609995, -1.748159, 1.000000, 0.848895],
    [-0.790164, 0.230005, -0.995591, 0.779353, 0.746121],
    [-0.789775, 0.211308, -0.994838, 0.746223, 0.823957],
    [-0.901873, 0.211308, -0.994839, 0.746223, 0.823957],
    [-0.902262, 0.230005, -0.995592, 0.779353, 0.746121],
    [-0.793172, 0.541825, -1.793130, 1.000000, 0.828393],
    [-0.905271, 0.541825, -1.793130, 1.000000, 0.828393],
    [-0.674106, 0.212720, -1.419259, 1.000000, 0.900535],
    [-0.675039, 0.213073, -1.525365, 1.000000, 0.918570],
    [-0.649697, 0.213073, -1.525365, 1.000000, 0.904674],
    [-0.648799, 0.212720, -1.419259, 1.000000, 0.886861],
    [-0.690414, 0.211308, -0.994838, 0.746223, 0.823957],
    [-0.670376, 0.211308, -0.994838, 0.746223, 0.823957],
    [-0.670376, 0.211318, -0.964938, 0.746223, 0.823957],
    [-0.690414, 0.211318, -0.964938, 0.746223, 0.823957],
    [-0.789775, 0.211319, -0.964938, 0.746223, 0.823957],
    [-0.901873, 0.211319, -0.964938, 0.746223, 0.823957],
    [-0.670376, 0.211308, -0.994838, 1.000000, 0.828393],
    [-0.671308, 0.211661, -1.100944, 1.000000, 0.846429],
    [-0.646108, 0.211661, -1.100944, 1.000000, 0.833421],
    [-0.645210, 0.211308, -0.994838, 1.000000, 0.815608],
    [-0.672241, 0.212014, -1.207049, 1.000000, 0.864464],
    [-0.647005, 0.212014, -1.207049, 1.000000, 0.851234],
    [-0.673174, 0.212367, -1.313154, 1.000000, 0.882499],
    [-0.647902, 0.212367, -1.313154, 1.000000, 0.869048],
    [-0.670554, 0.668588, -1.418918, 0.976415, 0.935651],
    [-0.670674, 0.658303, -1.303557, 0.970650, 0.184987],
    [-0.671318, 0.629943, -1.219832, 0.964885, 0.209290],
    [-0.672463, 0.587669, -1.133507, 0.959120, 0.230642],
    [-0.671365, 0.230084, -1.102539, 0.785326, 0.786050],
    [-0.671741, 0.352781, -1.113165, 0.836858, 0.621363],
    [-0.671377, 0.651456, -1.549698, 0.982180, 0.914721],
    [-0.672345, 0.617484, -1.633902, 0.987945, 0.871488],
    [-0.673972, 0.537170, -1.746214, 0.993710, 0.827354],
    [-0.671643, 0.528803, -1.419023, 0.944301, 0.885236],
    [-0.671440, 0.521563, -1.306500, 0.930686, 0.368794],
    [-0.671601, 0.501791, -1.215912, 0.917071, 0.389685],
    [-0.672124, 0.477339, -1.123952, 0.903456, 0.408532],
    [-0.672500, 0.517032, -1.542236, 0.957916, 0.866682],
    [-0.673457, 0.493586, -1.633157, 0.971531, 0.832665],
    [-0.674871, 0.438007, -1.743565, 0.985146, 0.798022],
    [-0.672946, 0.361561, -1.419148, 0.905879, 0.824918],
    [-0.672357, 0.357965, -1.310021, 0.882872, 0.588704],
    [-0.671938, 0.349391, -1.211251, 0.859865, 0.605515],
    [-0.673843, 0.356205, -1.533309, 0.928886, 0.809208],
    [-0.674787, 0.345351, -1.632264, 0.951892, 0.786216],
    [-0.675947, 0.319366, -1.740396, 0.974899, 0.762929],
    [-0.673955, 0.232151, -1.419245, 0.876148, 0.778245],
    [-0.673067, 0.231374, -1.312745, 0.845874, 0.758868],
    [-0.672201, 0.229948, -1.207597, 0.815600, 0.772521],
    [-0.674883, 0.231759, -1.526402, 0.906422, 0.764735],
    [-0.675817, 0.230649, -1.631574, 0.936696, 0.750274],
    [-0.695915, 0.315421, -1.837479, 0.998456, 0.745245],
    [-0.796980, 0.227356, -1.842871, 0.997316, 0.722007],
    [-0.909078, 0.227356, -1.842871, 0.997316, 0.722007],
    [-0.675877, 0.315421, -1.837479, 0.998456, 0.745245],
    [-0.645210, 0.211318, -0.964938, 1.000000, 0.815608],
    [-0.652389, 0.214133, -1.843680, 1.000000, 0.958113],
    [-0.651491, 0.213780, -1.737575, 1.000000, 0.940300],
    [-0.650594, 0.213427, -1.631470, 1.000000, 0.922487],
    [0.782539, 0.214132, -1.843679, 0.997145, 0.718518],
    [-0.007349, 0.212720, -1.419259, 1.000000, 0.540262],
    [-0.007349, 0.211660, -1.100943, 1.000000, 0.503723],
    [-0.007349, 0.212014, -1.207048, 1.000000, 0.515903],
    [-0.007349, 0.212367, -1.313154, 1.000000, 0.528083],
    [0.655677, 0.211318, -0.964937, 1.000000, 0.828393],
    [0.663140, 0.214132, -1.843679, 1.000000, 0.972676],
    [0.662207, 0.213779, -1.737574, 1.000000, 0.954641],
    [0.661274, 0.213426, -1.631469, 1.000000, 0.936605],
    [0.656609, 0.211660, -1.100942, 0.777588, 0.810777],
    [0.658476, 0.212367, -1.313153, 0.840319, 0.784417],
    [0.659408, 0.212720, -1.419258, 0.871684, 0.771237],
    [0.657543, 0.212014, -1.207048, 0.808953, 0.797597],
    [0.660341, 0.213073, -1.525363, 0.903049, 0.758058],
    [0.661274, 0.213426, -1.631469, 0.934415, 0.744878],
    [0.894637, 0.214132, -1.843679, 0.997145, 0.718518],
    [0.679126, 0.211409, -0.713004, 0.746223, 0.823957],
    [0.655677, 0.211409, -0.713004, 0.746223, 0.823957],
    [0.887174, 0.211409, -0.713004, 0.746223, 0.823957],
    [0.775077, 0.211409, -0.713004, 0.746223, 0.823957],
    [0.625401, 0.211409, -0.713004, 1.000000, 0.813011],
    [-0.007349, 0.211409, -0.713005, 1.000000, 0.491543],
    [-0.670376, 0.211410, -0.713005, 0.746223, 0.823957],
    [-0.690414, 0.211410, -0.713005, 0.746223, 0.823957],
    [-0.789775, 0.211410, -0.713005, 0.746223, 0.823957],
    [-0.901873, 0.211410, -0.713005, 0.746223, 0.823957],
    [-0.645210, 0.211410, -0.713005, 1.000000, 0.815608],
    [0.655677, 0.211409, -0.713004, 1.000000, 0.828393],
    [-0.670376, 0.211318, -0.964938, 1.000000, 0.828393],
    [-0.676904, 0.213780, -1.737575, 1.000000, 0.954641],
    [-0.677837, 0.214133, -1.843680, 1.000000, 0.972676],
    [-0.675972, 0.213427, -1.631470, 1.000000, 0.936605],
    [-0.670376, 0.211410, -0.713005, 1.000000, 0.828393],
    [-0.671308, 0.211661, -1.100944, 0.777588, 0.810777],
    [-0.674106, 0.212720, -1.419259, 0.871684, 0.771237],
    [-0.673174, 0.212367, -1.313154, 0.840319, 0.784417],
    [-0.672241, 0.212014, -1.207049, 0.808953, 0.797597],
    [-0.675039, 0.213073, -1.525365, 0.903049, 0.758058],
    [-0.675972, 0.213427, -1.631470, 0.934415, 0.744878],
    [-0.909334, 0.214133, -1.843681, 0.997145, 0.718518],
    [-0.797236, 0.214133, -1.843681, 0.997145, 0.718518],
    [0.663136, 0.215445, 1.781317, 0.997145, 0.718518],
    [0.662204, 0.215015, 1.675212, 0.965780, 0.731698],
    [0.662126, 0.223562, 1.675434, 0.966518, 0.734226],
    [0.662978, 0.223643, 1.780809, 0.997251, 0.720681],
    [0.679860, 0.724920, 1.159977, 1.000000, 0.076807],
    [0.656411, 0.724920, 1.159978, 1.000000, 0.076807],
    [0.658023, 0.673147, 1.078145, 1.000000, 0.100000],
    [0.681472, 0.673147, 1.078145, 1.000000, 0.100000],
    [0.682584, 0.550133, 0.982211, 1.000000, 0.174229],
    [0.659134, 0.550133, 0.982211, 1.000000, 0.174229],
    [0.659130, 0.491049, 0.955383, 1.000000, 0.200000],
    [0.682580, 0.491049, 0.955383, 1.000000, 0.200000],
    [0.678503, 0.772251, 1.356074, 1.000000, 0.972676],
    [0.655054, 0.772251, 1.356074, 1.000000, 0.972676],
    [0.655411, 0.759644, 1.238638, 1.000000, 0.050000],
    [0.678860, 0.759644, 1.238638, 1.000000, 0.050000],
    [0.659139, 0.605685, 1.012104, 1.000000, 0.150000],
    [0.682588, 0.605685, 1.012104, 1.000000, 0.150000],
    [0.658659, 0.355231, 0.938140, 1.000000, 0.227726],
    [0.682108, 0.355231, 0.938140, 1.000000, 0.227726],
    [0.686427, 0.223643, 1.780809, 0.997251, 0.720681],
    [0.686586, 0.215445, 1.781317, 0.997145, 0.718518],
    [0.679302, 0.751279, 1.492425, 1.000000, 0.950000],
    [0.680277, 0.709636, 1.571728, 1.000000, 0.900000],
    [0.656827, 0.709636, 1.571728, 1.000000, 0.900000],
    [0.655853, 0.751279, 1.492425, 1.000000, 0.950000],
    [0.682061, 0.611238, 1.685508, 1.000000, 0.848895],
    [0.658612, 0.611238, 1.685508, 1.000000, 0.848895],
    [0.679366, 0.223598, 0.932935, 0.766764, 0.775697],
    [0.655917, 0.223598, 0.932935, 0.766764, 0.775697],
    [0.682317, 0.436086, 1.767648, 1.000000, 0.776742],
    [0.658867, 0.436086, 1.767648, 1.000000, 0.776742],
    [0.659074, 0.543100, 1.730529, 1.000000, 0.828393],
    [0.682523, 0.543100, 1.730529, 1.000000, 0.828393],
    [0.887908, 0.724920, 1.159978, 1.000000, 0.076807],
    [0.775809, 0.724920, 1.159978, 1.000000, 0.076807],
    [0.777421, 0.673147, 1.078145, 1.000000, 0.100000],
    [0.889520, 0.673147, 1.078145, 1.000000, 0.100000],
    [0.778533, 0.550133, 0.982211, 1.000000, 0.174229],
    [0.778529, 0.491049, 0.955383, 1.000000, 0.200000],
    [0.890628, 0.491049, 0.955383, 1.000000, 0.200000],
    [0.890631, 0.550133, 0.982211, 1.000000, 0.174229],
    [0.774453, 0.772251, 1.356074, 1.000000, 0.972676],
    [0.774810, 0.759644, 1.238638, 1.000000, 0.050000],
    [0.886908, 0.759644, 1.238638, 1.000000, 0.050000],
    [0.886551, 0.772251, 1.356074, 1.000000, 0.972676],
    [0.778538, 0.605685, 1.012104, 1.000000, 0.150000],
    [0.890636, 0.605685, 1.012104, 1.000000, 0.150000],
    [0.778058, 0.355231, 0.938140, 1.000000, 0.227726],
    [0.890157, 0.355231, 0.938140, 1.000000, 0.227726],
    [0.780576, 0.316728, 1.775042, 0.998456, 0.745245],
    [0.778266, 0.436086, 1.767648, 1.000000, 0.776742],
    [0.890364, 0.436086, 1.767648, 1.000000, 0.776742],
    [0.892674, 0.316728, 1.775042, 0.998456, 0.745245],
    [0.776226, 0.709636, 1.571729, 1.000000, 0.900000],
    [0.775252, 0.751279, 1.492426, 1.000000, 0.950000],
    [0.887350, 0.751279, 1.492426, 1.000000, 0.950000],
    [0.888324, 0.709636, 1.571729, 1.000000, 0.900000],
    [0.778011, 0.611238, 1.685508, 1.000000, 0.848895],
    [0.890109, 0.611238, 1.685508, 1.000000, 0.848895],
    [0.775316, 0.223598, 0.932935, 0.766764, 0.775697],
    [0.775075, 0.212005, 0.932477, 0.746223, 0.823957],
    [0.887173, 0.212005, 0.932477, 0.746223, 0.823957],
    [0.887414, 0.223598, 0.932936, 0.766764, 0.775697],
    [0.778473, 0.543100, 1.730529, 1.000000, 0.828393],
    [0.890571, 0.543100, 1.730529, 1.000000, 0.828393],
    [0.659406, 0.213725, 1.356897, 1.000000, 0.900535],
    [0.660338, 0.214155, 1.463002, 1.000000, 0.918570],
    [0.629849, 0.214155, 1.463002, 1.000000, 0.901851],
    [0.628959, 0.213725, 1.356897, 1.000000, 0.884083],
    [0.679125, 0.212005, 0.932477, 0.746223, 0.823957],
    [0.655675, 0.212005, 0.932477, 0.746223, 0.823957],
    [0.655675, 0.211994, 0.902577, 0.746223, 0.823957],
    [0.679125, 0.211994, 0.902577, 0.746223, 0.823957],
    [0.775075, 0.211994, 0.902577, 0.746223, 0.823957],
    [0.887173, 0.211994, 0.902577, 0.746223, 0.823957],
    [0.655675, 0.212005, 0.932477, 1.000000, 0.828393],
    [0.656608, 0.212435, 1.038582, 1.000000, 0.846429],
    [0.626289, 0.212435, 1.038582, 1.000000, 0.830779],
    [0.625399, 0.212005, 0.932477, 1.000000, 0.813011],
    [0.657540, 0.212865, 1.144687, 1.000000, 0.864464],
    [0.627179, 0.212865, 1.144687, 1.000000, 0.848547],
    [0.658473, 0.213295, 1.250792, 1.000000, 0.882499],
    [0.628069, 0.213295, 1.250792, 1.000000, 0.866315],
    [0.655854, 0.669593, 1.356225, 0.976415, 0.935651],
    [0.655974, 0.659224, 1.240872, 0.970650, 0.184987],
    [0.656619, 0.630803, 1.157167, 0.964885, 0.209290],
    [0.657763, 0.588467, 1.070873, 0.959120, 0.230642],
    [0.656643, 0.223858, 1.039563, 0.782386, 0.795446],
    [0.657041, 0.353564, 1.050701, 0.836858, 0.621363],
    [0.656677, 0.652555, 1.487018, 0.982180, 0.914721],
    [0.657644, 0.618645, 1.571247, 0.987945, 0.871488],
    [0.659272, 0.538411, 1.683616, 0.993710, 0.827354],
    [0.656943, 0.529808, 1.356431, 0.944301, 0.885236],
    [0.656740, 0.522487, 1.243914, 0.930686, 0.368794],
    [0.656901, 0.502649, 1.153340, 0.917071, 0.389685],
    [0.657424, 0.478130, 1.061398, 0.903456, 0.408532],
    [0.657800, 0.518126, 1.479653, 0.957916, 0.866682],
    [0.658756, 0.494746, 1.570590, 0.971531, 0.832665],
    [0.660171, 0.439247, 1.681039, 0.985146, 0.798022],
    [0.658246, 0.362566, 1.356678, 0.905879, 0.824918],
    [0.657657, 0.358891, 1.247553, 0.882872, 0.588704],
    [0.657237, 0.350245, 1.148790, 0.859865, 0.605515],
    [0.659143, 0.357292, 1.470843, 0.928886, 0.809208],
    [0.660087, 0.346510, 1.569806, 0.951892, 0.786216],
    [0.661247, 0.320604, 1.677956, 0.974899, 0.762929],
    [0.659312, 0.225772, 1.356879, 0.874452, 0.775582],
    [0.658407, 0.225080, 1.250530, 0.843763, 0.768576],
    [0.657515, 0.223985, 1.145019, 0.813074, 0.782050],
    [0.660242, 0.225741, 1.463636, 0.905141, 0.762198],
    [0.661175, 0.225263, 1.569164, 0.935829, 0.748224],
    [0.684626, 0.316728, 1.775042, 0.998456, 0.745245],
    [0.782377, 0.223643, 1.780809, 0.997251, 0.720681],
    [0.894475, 0.223643, 1.780809, 0.997251, 0.720681],
    [0.661177, 0.316728, 1.775042, 0.998456, 0.745245],
    [-0.007351, 0.212005, 0.932476, 1.000000, 0.491543],
    [-0.007351, 0.211994, 0.902576, 1.000000, 0.491543],
    [0.625399, 0.211994, 0.902577, 1.000000, 0.813011],
    [0.632519, 0.215445, 1.781317, 1.000000, 0.955155],
    [-0.007352, 0.215445, 1.781317, 1.000000, 0.588980],
    [-0.007352, 0.215015, 1.675211, 1.000000, 0.576801],
    [0.631629, 0.215015, 1.675212, 1.000000, 0.937387],
    [-0.007352, 0.214585, 1.569107, 1.000000, 0.564622],
    [0.630740, 0.214585, 1.569107, 1.000000, 0.919619],
    [-0.007352, 0.214155, 1.463001, 1.000000, 0.552442],
    [-0.676782, 0.228800, 1.675569, 0.966971, 0.735775],
    [-0.676907, 0.215016, 1.675211, 0.965780, 0.731698],
    [-0.677840, 0.215446, 1.781316, 0.997145, 0.718518],
    [-0.677584, 0.228668, 1.780497, 0.997316, 0.722007],
    [-0.672725, 0.673147, 1.078143, 1.000000, 0.100000],
    [-0.671113, 0.724921, 1.159977, 1.000000, 0.076807],
    [-0.691151, 0.724921, 1.159977, 1.000000, 0.076807],
    [-0.692763, 0.673147, 1.078143, 1.000000, 0.100000],
    [-0.673832, 0.491049, 0.955382, 1.000000, 0.200000],
    [-0.673836, 0.550134, 0.982210, 1.000000, 0.174229],
    [-0.693874, 0.550134, 0.982210, 1.000000, 0.174229],
    [-0.693870, 0.491049, 0.955382, 1.000000, 0.200000],
    [-0.670113, 0.759644, 1.238637, 1.000000, 0.050000],
    [-0.669757, 0.772251, 1.356073, 1.000000, 0.972676],
    [-0.689795, 0.772251, 1.356073, 1.000000, 0.972676],
    [-0.690151, 0.759644, 1.238637, 1.000000, 0.050000],
    [-0.673841, 0.605686, 1.012103, 1.000000, 0.150000],
    [-0.693879, 0.605686, 1.012103, 1.000000, 0.150000],
    [-0.673361, 0.355232, 0.938138, 1.000000, 0.227726],
    [-0.693399, 0.355232, 0.938138, 1.000000, 0.227726],
    [-0.697622, 0.228668, 1.780497, 0.997316, 0.722007],
    [-0.697878, 0.215446, 1.781316, 0.997145, 0.718518],
    [-0.670555, 0.751280, 1.492425, 1.000000, 0.950000],
    [-0.671530, 0.709636, 1.571728, 1.000000, 0.900000],
    [-0.691568, 0.709636, 1.571728, 1.000000, 0.900000],
    [-0.690593, 0.751280, 1.492425, 1.000000, 0.950000],
    [-0.673315, 0.611238, 1.685508, 1.000000, 0.848895],
    [-0.693353, 0.611238, 1.685508, 1.000000, 0.848895],
    [-0.690805, 0.230703, 0.933215, 0.779353, 0.746121],
    [-0.670767, 0.230703, 0.933215, 0.779353, 0.746121],
    [-0.673777, 0.543100, 1.730528, 1.000000, 0.828393],
    [-0.673571, 0.436087, 1.767647, 1.000000, 0.776742],
    [-0.693609, 0.436087, 1.767647, 1.000000, 0.776742],
    [-0.693815, 0.543100, 1.730528, 1.000000, 0.828393],
    [-0.902610, 0.724921, 1.159976, 1.000000, 0.076807],
    [-0.904222, 0.673147, 1.078143, 1.000000, 0.100000],
    [-0.792123, 0.673147, 1.078143, 1.000000, 0.100000],
    [-0.790511, 0.724921, 1.159976, 1.000000, 0.076807],
    [-0.905330, 0.491049, 0.955381, 1.000000, 0.200000],
    [-0.793231, 0.491049, 0.955382, 1.000000, 0.200000],
    [-0.793235, 0.550134, 0.982210, 1.000000, 0.174229],
    [-0.905333, 0.550134, 0.982210, 1.000000, 0.174229],
    [-0.901610, 0.759645, 1.238636, 1.000000, 0.050000],
    [-0.789512, 0.759644, 1.238636, 1.000000, 0.050000],
    [-0.789156, 0.772251, 1.356072, 1.000000, 0.972676],
    [-0.901254, 0.772251, 1.356072, 1.000000, 0.972676],
    [-0.905338, 0.605686, 1.012103, 1.000000, 0.150000],
    [-0.793239, 0.605686, 1.012103, 1.000000, 0.150000],
    [-0.904858, 0.355232, 0.938138, 1.000000, 0.227726],
    [-0.792760, 0.355232, 0.938138, 1.000000, 0.227726],
    [-0.905068, 0.436087, 1.767647, 1.000000, 0.776742],
    [-0.792970, 0.436087, 1.767647, 1.000000, 0.776742],
    [-0.795279, 0.316729, 1.775041, 0.998456, 0.745245],
    [-0.907378, 0.316729, 1.775041, 0.998456, 0.745245],
    [-0.902052, 0.751280, 1.492424, 1.000000, 0.950000],
    [-0.789954, 0.751280, 1.492424, 1.000000, 0.950000],
    [-0.790929, 0.709636, 1.571727, 1.000000, 0.900000],
    [-0.903027, 0.709637, 1.571727, 1.000000, 0.900000],
    [-0.792714, 0.611238, 1.685507, 1.000000, 0.848895],
    [-0.904812, 0.611238, 1.685507, 1.000000, 0.848895],
    [-0.901874, 0.212006, 0.932476, 0.746223, 0.823957],
    [-0.789777, 0.212006, 0.932476, 0.746223, 0.823957],
    [-0.790166, 0.230703, 0.933215, 0.779353, 0.746121],
    [-0.902264, 0.230703, 0.933215, 0.779353, 0.746121],
    [-0.905274, 0.543101, 1.730527, 1.000000, 0.828393],
    [-0.793176, 0.543101, 1.730527, 1.000000, 0.828393],
    [-0.649699, 0.214155, 1.463001, 1.000000, 0.904674],
    [-0.675041, 0.214156, 1.463001, 1.000000, 0.918570],
    [-0.674109, 0.213726, 1.356896, 1.000000, 0.900535],
    [-0.648802, 0.213726, 1.356896, 1.000000, 0.886861],
    [-0.670377, 0.211995, 0.902576, 0.746223, 0.823957],
    [-0.670377, 0.212006, 0.932476, 0.746223, 0.823957],
    [-0.690415, 0.212006, 0.932476, 0.746223, 0.823957],
    [-0.690415, 0.211995, 0.902576, 0.746223, 0.823957],
    [-0.789777, 0.211995, 0.902576, 0.746223, 0.823957],
    [-0.901874, 0.211995, 0.902575, 0.746223, 0.823957],
    [-0.646110, 0.212435, 1.038581, 1.000000, 0.833421],
    [-0.671310, 0.212436, 1.038581, 1.000000, 0.846429],
    [-0.670377, 0.212006, 0.932476, 1.000000, 0.828393],
    [-0.645212, 0.212006, 0.932476, 1.000000, 0.815608],
    [-0.647007, 0.212866, 1.144686, 1.000000, 0.851234],
    [-0.672243, 0.212866, 1.144686, 1.000000, 0.864464],
    [-0.647905, 0.213296, 1.250791, 1.000000, 0.869048],
    [-0.673176, 0.213296, 1.250791, 1.000000, 0.882499],
    [-0.670556, 0.669593, 1.356224, 0.976415, 0.935651],
    [-0.670676, 0.659224, 1.240871, 0.970650, 0.184987],
    [-0.671320, 0.630804, 1.157166, 0.964885, 0.209290],
    [-0.672464, 0.588467, 1.070872, 0.959120, 0.230642],
    [-0.671367, 0.230859, 1.040163, 0.785326, 0.786050],
    [-0.671743, 0.353564, 1.050700, 0.836858, 0.621363],
    [-0.671380, 0.652555, 1.487017, 0.982180, 0.914721],
    [-0.672347, 0.618645, 1.571246, 0.987945, 0.871488],
    [-0.673975, 0.538412, 1.683615, 0.993710, 0.827354],
    [-0.671645, 0.529808, 1.356430, 0.944301, 0.885236],
    [-0.671443, 0.522487, 1.243913, 0.930686, 0.368794],
    [-0.671603, 0.502649, 1.153339, 0.917071, 0.389685],
    [-0.672126, 0.478130, 1.061397, 0.903456, 0.408532],
    [-0.672503, 0.518126, 1.479653, 0.957916, 0.866682],
    [-0.673459, 0.494746, 1.570590, 0.971531, 0.832665],
    [-0.674874, 0.439247, 1.681038, 0.985146, 0.798022],
    [-0.672949, 0.362566, 1.356677, 0.905879, 0.824918],
    [-0.672360, 0.358891, 1.247552, 0.882872, 0.588704],
    [-0.671940, 0.350245, 1.148788, 0.859865, 0.605515],
    [-0.673846, 0.357293, 1.470842, 0.928886, 0.809208],
    [-0.674790, 0.346511, 1.569804, 0.951892, 0.786216],
    [-0.675950, 0.320604, 1.677955, 0.974899, 0.762929],
    [-0.673957, 0.233156, 1.356867, 0.876148, 0.778245],
    [-0.673069, 0.232303, 1.250368, 0.845874, 0.758868],
    [-0.672203, 0.230800, 1.145222, 0.815600, 0.772521],
    [-0.674885, 0.232842, 1.464025, 0.906422, 0.764735],
    [-0.675820, 0.231808, 1.569197, 0.936696, 0.750274],
    [-0.695918, 0.316729, 1.775041, 0.998456, 0.745245],
    [-0.796983, 0.228668, 1.780496, 0.997316, 0.722007],
    [-0.909081, 0.228668, 1.780496, 0.997316, 0.722007],
    [-0.675880, 0.316729, 1.775041, 0.998456, 0.745245],
    [-0.645212, 0.211995, 0.902576, 1.000000, 0.815608],
    [-0.652392, 0.215446, 1.781316, 1.000000, 0.958113],
    [-0.651494, 0.215016, 1.675211, 1.000000, 0.940300],
    [-0.650597, 0.214585, 1.569106, 1.000000, 0.922487],
    [0.782535, 0.215445, 1.781317, 0.997145, 0.718518],
    [-0.007351, 0.213725, 1.356896, 1.000000, 0.540262],
    [-0.007351, 0.212435, 1.038582, 1.000000, 0.503723],
    [-0.007351, 0.212865, 1.144687, 1.000000, 0.515903],
    [-0.007351, 0.213295, 1.250792, 1.000000, 0.528083],
    [0.655675, 0.211994, 0.902577, 1.000000, 0.828393],
    [0.663136, 0.215445, 1.781317, 1.000000, 0.972676],
    [0.662204, 0.215015, 1.675212, 1.000000, 0.954641],
    [0.661271, 0.214585, 1.569107, 1.000000, 0.936605],
    [0.656608, 0.212435, 1.038582, 0.777588, 0.810777],
    [0.658473, 0.213295, 1.250792, 0.840319, 0.784417],
    [0.659406, 0.213725, 1.356897, 0.871684, 0.771237],
    [0.657540, 0.212865, 1.144687, 0.808953, 0.797597],
    [0.660338, 0.214155, 1.463002, 0.903049, 0.758058],
    [0.661271, 0.214585, 1.569107, 0.934415, 0.744878],
    [0.894634, 0.215445, 1.781317, 0.997145, 0.718518],
    [0.679125, 0.211906, 0.659032, 0.746223, 0.823957],
    [0.655675, 0.211906, 0.659032, 0.746223, 0.823957],
    [0.887173, 0.211906, 0.659032, 0.746223, 0.823957],
    [0.775075, 0.211906, 0.659032, 0.746223, 0.823957],
    [0.625399, 0.211906, 0.659032, 1.000000, 0.813011],
    [-0.007351, 0.211906, 0.659032, 1.000000, 0.491543],
    [-0.670377, 0.211907, 0.659031, 0.746223, 0.823957],
    [-0.690415, 0.211907, 0.659031, 0.746223, 0.823957],
    [-0.789777, 0.211907, 0.659031, 0.746223, 0.823957],
    [-0.901874, 0.211907, 0.659031, 0.746223, 0.823957],
    [-0.645212, 0.211907, 0.659031, 1.000000, 0.815608],
    [0.655675, 0.211906, 0.659032, 1.000000, 0.828393],
    [-0.670377, 0.211995, 0.902576, 1.000000, 0.828393],
    [-0.676907, 0.215016, 1.675211, 1.000000, 0.954641],
    [-0.677840, 0.215446, 1.781316, 1.000000, 0.972676],
    [-0.675974, 0.214585, 1.569106, 1.000000, 0.936605],
    [-0.670377, 0.211907, 0.659031, 1.000000, 0.828393],
    [-0.671310, 0.212436, 1.038581, 0.777588, 0.810777],
    [-0.674109, 0.213726, 1.356896, 0.871684, 0.771237],
    [-0.673176, 0.213296, 1.250791, 0.840319, 0.784417],
    [-0.672243, 0.212866, 1.144686, 0.808953, 0.797597],
    [-0.675041, 0.214156, 1.463001, 0.903049, 0.758058],
    [-0.675974, 0.214585, 1.569106, 0.934415, 0.744878],
    [-0.909337, 0.215446, 1.781316, 0.997145, 0.718518],
    [-0.797239, 0.215446, 1.781316, 0.997145, 0.718518],
    [0.679126, 0.211658, -0.026986, 0.746223, 0.823957],
    [0.775076, 0.211658, -0.026986, 0.746223, 0.823957],
    [0.887173, 0.211658, -0.026986, 0.746223, 0.823957],
    [0.625400, 0.211658, -0.026986, 1.000000, 0.813011],
    [0.655676, 0.211658, -0.026986, 1.000000, 0.828393],
    [-0.690414, 0.211658, -0.026987, 0.746223, 0.823957],
    [-0.670376, 0.211658, -0.026987, 0.746223, 0.823957],
    [-0.901873, 0.211658, -0.026987, 0.746223, 0.823957],
    [-0.789776, 0.211658, -0.026987, 0.746223, 0.823957],
    [-0.645211, 0.211658, -0.026987, 1.000000, 0.815608],
    [-0.007350, 0.211658, -0.026987, 1.000000, 0.491543],
    [0.655676, 0.211658, -0.026986, 0.746223, 0.823957],
    [-0.670376, 0.211658, -0.026987, 1.000000, 0.828393],
    [0.894634, 0.125341, 1.781350, 0.997145, 0.718518],
    [0.782535, 0.125341, 1.781350, 0.997145, 0.718518],
    [0.686586, 0.125341, 1.781350, 0.997145, 0.718518],
    [0.663137, 0.125341, 1.781350, 0.997145, 0.718518],
    [0.632519, 0.125341, 1.781350, 1.000000, 0.955155],
    [-0.007352, 0.125341, 1.781349, 1.000000, 0.588980],
    [-0.697878, 0.125341, 1.781349, 0.997145, 0.718518],
    [-0.797239, 0.125341, 1.781348, 0.997145, 0.718518],
    [-0.909337, 0.125341, 1.781348, 0.997145, 0.718518],
    [-0.652392, 0.125341, 1.781349, 1.000000, 0.958113],
    [-0.677840, 0.125341, 1.781349, 1.000000, 0.972676],
    [0.663137, 0.125341, 1.781350, 1.000000, 0.972676],
    [-0.677840, 0.125341, 1.781349, 0.997145, 0.718518],
]

indices = [
    0, 1, 2,
    0, 2, 3,
    4, 5, 6,
    4, 6, 7,
    8, 9, 10,
    8, 10, 11,
    12, 13, 14,
    12, 14, 15,
    5, 12, 15,
    5, 15, 6,
    16, 4, 7,
    16, 7, 17,
    9, 16, 17,
    9, 17, 10,
    18, 8, 11,
    18, 11, 19,
    20, 3, 2,
    20, 2, 21,
    22, 23, 24,
    22, 24, 25,
    24, 26, 27,
    24, 27, 25,
    28, 29, 18,
    28, 18, 19,
    30, 31, 32,
    30, 32, 33,
    26, 30, 33,
    26, 33, 27,
    13, 23, 22,
    13, 22, 14,
    34, 35, 36,
    34, 36, 37,
    38, 39, 40,
    38, 40, 41,
    42, 43, 44,
    42, 44, 45,
    42, 34, 37,
    42, 37, 43,
    35, 46, 47,
    35, 47, 36,
    41, 40, 47,
    41, 47, 46,
    38, 48, 49,
    38, 49, 39,
    50, 51, 52,
    50, 52, 53,
    54, 55, 56,
    54, 56, 57,
    57, 56, 58,
    57, 58, 59,
    60, 61, 62,
    60, 62, 63,
    64, 65, 51,
    64, 51, 50,
    59, 58, 65,
    59, 65, 64,
    45, 44, 55,
    45, 55, 54,
    66, 67, 68,
    66, 68, 69,
    70, 71, 72,
    70, 72, 73,
    74, 61, 60,
    74, 60, 75,
    76, 77, 78,
    76, 78, 79,
    80, 81, 77,
    80, 77, 76,
    82, 83, 81,
    82, 81, 80,
    69, 68, 83,
    69, 83, 82,
    84, 13, 12,
    84, 12, 85,
    85, 12, 5,
    85, 5, 86,
    86, 5, 4,
    86, 4, 87,
    88, 89, 18,
    88, 18, 29,
    84, 90, 23,
    84, 23, 13,
    90, 91, 24,
    90, 24, 23,
    91, 92, 26,
    91, 26, 24,
    93, 84, 85,
    93, 85, 94,
    94, 85, 86,
    94, 86, 95,
    95, 86, 87,
    95, 87, 96,
    90, 84, 93,
    90, 93, 97,
    91, 90, 97,
    91, 97, 98,
    92, 91, 98,
    92, 98, 99,
    100, 93, 94,
    100, 94, 101,
    101, 94, 95,
    101, 95, 102,
    102, 95, 96,
    102, 96, 89,
    97, 93, 100,
    97, 100, 103,
    98, 97, 103,
    98, 103, 104,
    99, 98, 104,
    99, 104, 105,
    106, 100, 101,
    106, 101, 107,
    107, 101, 102,
    107, 102, 108,
    108, 102, 89,
    108, 89, 88,
    103, 100, 106,
    103, 106, 109,
    104, 103, 109,
    104, 109, 110,
    105, 104, 110,
    105, 110, 0,
    111, 52, 51,
    111, 51, 32,
    53, 52, 112,
    53, 112, 113,
    16, 9, 87,
    16, 87, 4,
    9, 8, 96,
    9, 96, 87,
    18, 89, 96,
    18, 96, 8,
    30, 26, 92,
    99, 31, 30,
    99, 30, 92,
    105, 114, 31,
    105, 31, 99,
    115, 116, 79,
    115, 79, 117,
    118, 119, 120,
    118, 120, 121,
    122, 118, 121,
    122, 121, 123,
    124, 122, 123,
    124, 123, 66,
    125, 126, 127,
    125, 127, 128,
    129, 130, 131,
    129, 131, 132,
    133, 134, 135,
    133, 135, 136,
    137, 138, 139,
    137, 139, 140,
    140, 139, 130,
    140, 130, 129,
    132, 131, 141,
    132, 141, 142,
    142, 141, 134,
    142, 134, 133,
    136, 135, 143,
    136, 143, 144,
    145, 146, 125,
    145, 125, 128,
    147, 148, 149,
    147, 149, 150,
    151, 152, 148,
    151, 148, 147,
    153, 144, 143,
    153, 143, 154,
    155, 156, 157,
    155, 157, 158,
    158, 157, 152,
    158, 152, 151,
    150, 149, 138,
    150, 138, 137,
    159, 160, 161,
    159, 161, 162,
    163, 164, 165,
    163, 165, 166,
    167, 168, 169,
    167, 169, 170,
    169, 168, 160,
    169, 160, 159,
    162, 161, 171,
    162, 171, 172,
    171, 163, 166,
    171, 166, 172,
    165, 164, 173,
    165, 173, 174,
    175, 176, 177,
    175, 177, 178,
    179, 180, 181,
    179, 181, 182,
    183, 179, 182,
    183, 182, 184,
    185, 186, 187,
    185, 187, 188,
    176, 189, 190,
    176, 190, 177,
    189, 183, 184,
    189, 184, 190,
    180, 167, 170,
    180, 170, 181,
    191, 192, 193,
    191, 193, 194,
    195, 196, 197,
    195, 197, 198,
    187, 186, 199,
    187, 199, 200,
    201, 202, 203,
    201, 203, 204,
    202, 205, 206,
    202, 206, 203,
    205, 207, 208,
    205, 208, 206,
    207, 191, 194,
    207, 194, 208,
    139, 138, 209,
    139, 209, 210,
    130, 139, 210,
    130, 210, 211,
    131, 130, 211,
    131, 211, 212,
    213, 154, 143,
    213, 143, 214,
    209, 138, 149,
    209, 149, 215,
    215, 149, 148,
    215, 148, 216,
    216, 148, 152,
    216, 152, 217,
    218, 219, 210,
    218, 210, 209,
    219, 220, 211,
    219, 211, 210,
    220, 221, 212,
    220, 212, 211,
    218, 209, 215,
    218, 215, 222,
    222, 215, 216,
    222, 216, 223,
    223, 216, 217,
    223, 217, 224,
    225, 226, 219,
    225, 219, 218,
    226, 227, 220,
    226, 220, 219,
    227, 214, 221,
    227, 221, 220,
    225, 218, 222,
    225, 222, 228,
    228, 222, 223,
    228, 223, 229,
    229, 223, 224,
    229, 224, 230,
    231, 232, 226,
    231, 226, 225,
    232, 233, 227,
    232, 227, 226,
    233, 213, 214,
    233, 214, 227,
    231, 225, 228,
    231, 228, 234,
    234, 228, 229,
    234, 229, 235,
    235, 229, 230,
    235, 230, 127,
    176, 175, 236,
    176, 236, 155,
    237, 175, 178,
    237, 178, 238,
    141, 131, 212,
    141, 212, 134,
    134, 212, 221,
    134, 221, 135,
    221, 214, 143,
    221, 143, 135,
    157, 217, 152,
    157, 156, 224,
    157, 224, 217,
    156, 239, 230,
    156, 230, 224,
    204, 116, 115,
    204, 115, 240,
    241, 119, 118,
    241, 118, 242,
    242, 118, 122,
    242, 122, 243,
    243, 122, 124,
    243, 124, 193,
    7, 6, 37,
    7, 37, 36,
    11, 10, 40,
    11, 40, 39,
    15, 14, 44,
    15, 44, 43,
    6, 15, 43,
    6, 43, 37,
    17, 7, 36,
    17, 36, 47,
    10, 17, 47,
    10, 47, 40,
    19, 11, 39,
    19, 39, 49,
    20, 21, 244,
    20, 244, 112,
    55, 22, 25,
    55, 25, 56,
    56, 25, 27,
    56, 27, 58,
    62, 28, 19,
    62, 19, 49,
    33, 32, 51,
    33, 51, 65,
    58, 27, 33,
    58, 33, 65,
    44, 14, 22,
    44, 22, 55,
    73, 72, 61,
    73, 61, 74,
    114, 111, 32,
    114, 32, 31,
    66, 69, 245,
    66, 245, 124,
    76, 79, 116,
    76, 116, 246,
    80, 76, 246,
    80, 246, 247,
    82, 80, 247,
    82, 247, 248,
    69, 82, 248,
    69, 248, 245,
    117, 79, 78,
    117, 78, 249,
    121, 120, 250,
    121, 250, 251,
    123, 121, 251,
    123, 251, 252,
    66, 123, 252,
    66, 252, 67,
    0, 3, 114,
    0, 114, 105,
    3, 20, 111,
    3, 111, 114,
    29, 28, 72,
    29, 72, 71,
    63, 62, 49,
    63, 49, 48,
    253, 88, 29,
    253, 29, 71,
    106, 107, 254,
    106, 254, 255,
    107, 108, 256,
    107, 256, 254,
    256, 108, 88,
    256, 88, 253,
    257, 109, 106,
    257, 106, 255,
    258, 110, 109,
    258, 109, 257,
    0, 110, 258,
    0, 258, 1,
    113, 112, 244,
    113, 244, 259,
    20, 112, 52,
    20, 52, 111,
    28, 62, 61,
    28, 61, 72,
    70, 73, 260,
    70, 260, 261,
    74, 75, 262,
    74, 262, 263,
    115, 117, 264,
    115, 264, 265,
    198, 197, 266,
    198, 266, 267,
    200, 199, 268,
    200, 268, 269,
    240, 115, 265,
    240, 265, 270,
    73, 74, 263,
    73, 263, 260,
    117, 249, 271,
    117, 271, 264,
    194, 193, 124,
    194, 124, 245,
    204, 203, 246,
    204, 246, 116,
    203, 206, 247,
    203, 247, 246,
    206, 208, 248,
    206, 248, 247,
    208, 194, 245,
    208, 245, 248,
    204, 240, 272,
    204, 272, 201,
    241, 242, 273,
    241, 273, 274,
    242, 243, 275,
    242, 275, 273,
    243, 193, 192,
    243, 192, 275,
    240, 270, 276,
    240, 276, 272,
    239, 128, 127,
    239, 127, 230,
    236, 145, 128,
    236, 128, 239,
    195, 153, 154,
    195, 154, 196,
    173, 185, 188,
    173, 188, 174,
    154, 213, 277,
    154, 277, 196,
    232, 231, 278,
    232, 278, 279,
    233, 232, 279,
    233, 279, 280,
    213, 233, 280,
    213, 280, 277,
    231, 234, 281,
    231, 281, 278,
    234, 235, 282,
    234, 282, 281,
    235, 127, 126,
    235, 126, 282,
    237, 238, 283,
    237, 283, 284,
    160, 129, 132,
    160, 132, 161,
    133, 136, 164,
    133, 164, 163,
    137, 140, 168,
    137, 168, 167,
    168, 140, 129,
    168, 129, 160,
    161, 132, 142,
    161, 142, 171,
    142, 133, 163,
    142, 163, 171,
    136, 144, 173,
    136, 173, 164,
    146, 145, 237,
    146, 237, 284,
    147, 150, 180,
    147, 180, 179,
    151, 147, 179,
    151, 179, 183,
    144, 153, 185,
    144, 185, 173,
    155, 158, 189,
    155, 189, 176,
    158, 151, 183,
    158, 183, 189,
    150, 137, 167,
    150, 167, 180,
    195, 198, 199,
    195, 199, 186,
    155, 236, 239,
    155, 239, 156,
    198, 267, 268,
    198, 268, 199,
    145, 236, 175,
    145, 175, 237,
    153, 195, 186,
    153, 186, 185,
    285, 286, 287,
    285, 287, 288,
    289, 290, 291,
    289, 291, 292,
    293, 294, 295,
    293, 295, 296,
    297, 298, 299,
    297, 299, 300,
    300, 299, 290,
    300, 290, 289,
    292, 291, 301,
    292, 301, 302,
    302, 301, 294,
    302, 294, 293,
    296, 295, 303,
    296, 303, 304,
    305, 306, 285,
    305, 285, 288,
    307, 308, 309,
    307, 309, 310,
    311, 312, 309,
    311, 309, 308,
    313, 304, 303,
    313, 303, 314,
    315, 316, 317,
    315, 317, 318,
    318, 317, 312,
    318, 312, 311,
    307, 310, 298,
    307, 298, 297,
    319, 320, 321,
    319, 321, 322,
    323, 324, 325,
    323, 325, 326,
    327, 328, 329,
    327, 329, 330,
    329, 328, 320,
    329, 320, 319,
    322, 321, 331,
    322, 331, 332,
    331, 323, 326,
    331, 326, 332,
    325, 324, 333,
    325, 333, 334,
    335, 336, 337,
    335, 337, 338,
    339, 340, 341,
    339, 341, 342,
    343, 339, 342,
    343, 342, 344,
    345, 346, 347,
    345, 347, 348,
    336, 349, 350,
    336, 350, 337,
    349, 343, 344,
    349, 344, 350,
    340, 327, 330,
    340, 330, 341,
    351, 352, 353,
    351, 353, 354,
    355, 356, 357,
    355, 357, 358,
    347, 346, 359,
    347, 359, 360,
    361, 362, 363,
    361, 363, 364,
    362, 365, 366,
    362, 366, 363,
    365, 367, 368,
    365, 368, 366,
    367, 351, 354,
    367, 354, 368,
    299, 298, 369,
    299, 369, 370,
    290, 299, 370,
    290, 370, 371,
    291, 290, 371,
    291, 371, 372,
    373, 314, 303,
    373, 303, 374,
    369, 298, 310,
    369, 310, 375,
    375, 310, 309,
    375, 309, 376,
    376, 309, 312,
    376, 312, 377,
    378, 379, 370,
    378, 370, 369,
    379, 380, 371,
    379, 371, 370,
    380, 381, 372,
    380, 372, 371,
    378, 369, 375,
    378, 375, 382,
    382, 375, 376,
    382, 376, 383,
    383, 376, 377,
    383, 377, 384,
    385, 386, 379,
    385, 379, 378,
    386, 387, 380,
    386, 380, 379,
    387, 374, 381,
    387, 381, 380,
    385, 378, 382,
    385, 382, 388,
    388, 382, 383,
    388, 383, 389,
    389, 383, 384,
    389, 384, 390,
    391, 392, 386,
    391, 386, 385,
    392, 393, 387,
    392, 387, 386,
    393, 373, 374,
    393, 374, 387,
    391, 385, 388,
    391, 388, 394,
    394, 388, 389,
    394, 389, 395,
    395, 389, 390,
    395, 390, 287,
    336, 335, 396,
    336, 396, 315,
    397, 335, 338,
    397, 338, 398,
    301, 291, 372,
    301, 372, 294,
    294, 372, 381,
    294, 381, 295,
    381, 374, 303,
    381, 303, 295,
    317, 377, 312,
    317, 316, 384,
    317, 384, 377,
    316, 399, 390,
    316, 390, 384,
    364, 400, 401,
    364, 401, 402,
    403, 404, 405,
    403, 405, 406,
    406, 405, 407,
    406, 407, 408,
    408, 407, 409,
    408, 409, 353,
    410, 411, 412,
    410, 412, 413,
    414, 415, 416,
    414, 416, 417,
    418, 419, 420,
    418, 420, 421,
    422, 423, 424,
    422, 424, 425,
    415, 422, 425,
    415, 425, 416,
    426, 414, 417,
    426, 417, 427,
    419, 426, 427,
    419, 427, 420,
    428, 418, 421,
    428, 421, 429,
    430, 413, 412,
    430, 412, 431,
    432, 433, 434,
    432, 434, 435,
    433, 436, 437,
    433, 437, 434,
    438, 439, 428,
    438, 428, 429,
    440, 441, 442,
    440, 442, 443,
    436, 440, 443,
    436, 443, 437,
    423, 432, 435,
    423, 435, 424,
    444, 445, 446,
    444, 446, 447,
    448, 449, 450,
    448, 450, 451,
    452, 453, 454,
    452, 454, 455,
    452, 444, 447,
    452, 447, 453,
    445, 456, 457,
    445, 457, 446,
    451, 450, 457,
    451, 457, 456,
    448, 458, 459,
    448, 459, 449,
    460, 461, 462,
    460, 462, 463,
    464, 465, 466,
    464, 466, 467,
    467, 466, 468,
    467, 468, 469,
    470, 471, 472,
    470, 472, 473,
    474, 475, 461,
    474, 461, 460,
    469, 468, 475,
    469, 475, 474,
    455, 454, 465,
    455, 465, 464,
    476, 477, 478,
    476, 478, 479,
    480, 481, 482,
    480, 482, 483,
    484, 471, 470,
    484, 470, 485,
    486, 487, 488,
    486, 488, 489,
    490, 491, 487,
    490, 487, 486,
    492, 493, 491,
    492, 491, 490,
    479, 478, 493,
    479, 493, 492,
    494, 423, 422,
    494, 422, 495,
    495, 422, 415,
    495, 415, 496,
    496, 415, 414,
    496, 414, 497,
    498, 499, 428,
    498, 428, 439,
    494, 500, 432,
    494, 432, 423,
    500, 501, 433,
    500, 433, 432,
    501, 502, 436,
    501, 436, 433,
    503, 494, 495,
    503, 495, 504,
    504, 495, 496,
    504, 496, 505,
    505, 496, 497,
    505, 497, 506,
    500, 494, 503,
    500, 503, 507,
    501, 500, 507,
    501, 507, 508,
    502, 501, 508,
    502, 508, 509,
    510, 503, 504,
    510, 504, 511,
    511, 504, 505,
    511, 505, 512,
    512, 505, 506,
    512, 506, 499,
    507, 503, 510,
    507, 510, 513,
    508, 507, 513,
    508, 513, 514,
    509, 508, 514,
    509, 514, 515,
    516, 510, 511,
    516, 511, 517,
    517, 511, 512,
    517, 512, 518,
    518, 512, 499,
    518, 499, 498,
    513, 510, 516,
    513, 516, 519,
    514, 513, 519,
    514, 519, 520,
    515, 514, 520,
    515, 520, 410,
    521, 462, 461,
    521, 461, 442,
    463, 462, 522,
    463, 522, 523,
    426, 419, 497,
    426, 497, 414,
    419, 418, 506,
    419, 506, 497,
    428, 499, 506,
    428, 506, 418,
    440, 436, 502,
    509, 441, 440,
    509, 440, 502,
    515, 524, 441,
    515, 441, 509,
    401, 400, 489,
    401, 489, 525,
    405, 404, 526,
    405, 526, 527,
    407, 405, 527,
    407, 527, 528,
    409, 407, 528,
    409, 528, 476,
    320, 289, 292,
    320, 292, 321,
    323, 293, 296,
    323, 296, 324,
    327, 297, 300,
    327, 300, 328,
    328, 300, 289,
    328, 289, 320,
    321, 292, 302,
    321, 302, 331,
    331, 302, 293,
    331, 293, 323,
    324, 296, 304,
    324, 304, 333,
    529, 306, 305,
    529, 305, 397,
    340, 339, 308,
    340, 308, 307,
    339, 343, 311,
    339, 311, 308,
    345, 333, 304,
    345, 304, 313,
    336, 315, 318,
    336, 318, 349,
    343, 349, 318,
    343, 318, 311,
    327, 340, 307,
    327, 307, 297,
    346, 355, 358,
    346, 358, 359,
    399, 316, 315,
    399, 315, 396,
    530, 354, 353,
    530, 353, 409,
    400, 364, 363,
    400, 363, 531,
    531, 363, 366,
    531, 366, 532,
    532, 366, 368,
    532, 368, 533,
    533, 368, 354,
    533, 354, 530,
    361, 364, 402,
    361, 402, 534,
    535, 403, 406,
    535, 406, 536,
    536, 406, 408,
    536, 408, 537,
    537, 408, 353,
    537, 353, 352,
    399, 288, 287,
    399, 287, 390,
    396, 305, 288,
    396, 288, 399,
    355, 313, 314,
    355, 314, 356,
    333, 345, 348,
    333, 348, 334,
    538, 356, 314,
    538, 314, 373,
    539, 392, 391,
    539, 391, 540,
    541, 393, 392,
    541, 392, 539,
    541, 538, 373,
    541, 373, 393,
    542, 540, 391,
    542, 391, 394,
    543, 542, 394,
    543, 394, 395,
    543, 395, 287,
    543, 287, 286,
    529, 397, 398,
    529, 398, 544,
    335, 397, 305,
    335, 305, 396,
    346, 345, 313,
    346, 313, 355,
    545, 358, 357,
    545, 357, 546,
    547, 360, 359,
    547, 359, 548,
    549, 402, 401,
    549, 401, 550,
    551, 480, 483,
    551, 483, 552,
    553, 484, 485,
    553, 485, 554,
    550, 401, 525,
    550, 525, 555,
    548, 359, 358,
    548, 358, 545,
    556, 534, 402,
    556, 402, 549,
    409, 476, 479,
    409, 479, 530,
    531, 486, 489,
    531, 489, 400,
    532, 490, 486,
    532, 486, 531,
    533, 492, 490,
    533, 490, 532,
    530, 479, 492,
    530, 492, 533,
    557, 525, 489,
    557, 489, 488,
    558, 527, 526,
    558, 526, 559,
    560, 528, 527,
    560, 527, 558,
    477, 476, 528,
    477, 528, 560,
    561, 555, 525,
    561, 525, 557,
    524, 515, 410,
    524, 410, 413,
    521, 524, 413,
    521, 413, 430,
    482, 481, 439,
    482, 439, 438,
    459, 458, 473,
    459, 473, 472,
    562, 498, 439,
    562, 439, 481,
    563, 516, 517,
    563, 517, 564,
    564, 517, 518,
    564, 518, 565,
    565, 518, 498,
    565, 498, 562,
    566, 519, 516,
    566, 516, 563,
    567, 520, 519,
    567, 519, 566,
    411, 410, 520,
    411, 520, 567,
    568, 523, 522,
    568, 522, 569,
    447, 446, 417,
    447, 417, 416,
    449, 421, 420,
    449, 420, 450,
    453, 425, 424,
    453, 424, 454,
    453, 447, 416,
    453, 416, 425,
    446, 457, 427,
    446, 427, 417,
    450, 420, 427,
    450, 427, 457,
    459, 429, 421,
    459, 421, 449,
    522, 430, 431,
    522, 431, 569,
    465, 435, 434,
    465, 434, 466,
    466, 434, 437,
    466, 437, 468,
    472, 438, 429,
    472, 429, 459,
    475, 443, 442,
    475, 442, 461,
    468, 437, 443,
    468, 443, 475,
    454, 424, 435,
    454, 435, 465,
    484, 483, 482,
    484, 482, 471,
    524, 521, 442,
    524, 442, 441,
    553, 552, 483,
    553, 483, 484,
    462, 521, 430,
    462, 430, 522,
    471, 482, 438,
    471, 438, 472,
    548, 545, 570,
    548, 570, 571,
    547, 548, 571,
    547, 571, 572,
    556, 549, 573,
    556, 573, 574,
    551, 552, 575,
    551, 575, 576,
    553, 554, 577,
    553, 577, 578,
    550, 555, 579,
    550, 579, 580,
    545, 546, 581,
    545, 581, 570,
    549, 550, 580,
    549, 580, 573,
    555, 561, 582,
    555, 582, 579,
    552, 553, 578,
    552, 578, 575,
    571, 570, 260,
    571, 260, 263,
    572, 571, 263,
    572, 263, 262,
    574, 573, 264,
    574, 264, 271,
    576, 575, 267,
    576, 267, 266,
    578, 577, 269,
    578, 269, 268,
    580, 579, 270,
    580, 270, 265,
    570, 581, 261,
    570, 261, 260,
    573, 580, 265,
    573, 265, 264,
    579, 582, 276,
    579, 276, 270,
    575, 578, 268,
    575, 268, 267,
    583, 584, 529,
    583, 529, 544,
    585, 586, 285,
    585, 285, 306,
    587, 588, 404,
    587, 404, 403,
    589, 590, 569,
    589, 569, 431,
    590, 591, 568,
    590, 568, 569,
    592, 593, 559,
    592, 559, 526,
    584, 585, 306,
    584, 306, 529,
    594, 587, 403,
    594, 403, 535,
    588, 592, 526,
    588, 526, 404,
    595, 589, 431,
    595, 431, 412,
]
