vertices = [
    [0.902978, 0.867629, -0.636054, 0.750000, 0.087603],
    [0.903026, 0.867350, -0.635987, 0.750000, 0.087704],
    [0.903039, 0.867370, -0.636320, 0.750000, 0.087703],
    [0.902990, 0.867649, -0.636387, 0.750000, 0.087601],
    [0.900565, 0.881552, -0.639901, 0.750000, 0.087026],
    [0.901511, 0.876001, -0.638059, 0.750000, 0.084554],
    [0.901520, 0.876041, -0.638411, 0.750000, 0.084549],
    [0.900577, 0.881575, -0.640249, 0.750000, 0.087024],
    [0.900414, 0.881775, -0.640316, 0.750000, 0.087114],
    [0.900402, 0.881752, -0.639968, 0.750000, 0.087115],
    [0.900531, 0.881752, -0.639967, 0.750000, 0.087115],
    [0.900543, 0.881775, -0.640316, 0.750000, 0.087114],
    [0.901383, 0.876001, -0.638059, 0.750000, 0.084554],
    [0.900436, 0.881552, -0.639901, 0.750000, 0.087026],
    [0.902898, 0.867350, -0.635987, 0.750000, 0.087704],
    [0.902849, 0.867629, -0.636054, 0.750000, 0.087603],
    [0.903299, 0.867970, -0.646595, 0.750000, 0.087668],
    [0.903428, 0.867970, -0.646595, 0.750000, 0.087668],
    [0.903415, 0.867950, -0.646249, 0.750000, 0.087669],
    [0.903286, 0.867950, -0.646249, 0.750000, 0.087669],
    [0.901679, 0.877262, -0.649279, 0.750000, 0.084382],
    [0.901807, 0.877262, -0.649279, 0.750000, 0.084382],
    [0.903376, 0.868269, -0.646681, 0.750000, 0.087562],
    [0.903247, 0.868269, -0.646681, 0.750000, 0.087562],
    [0.900814, 0.882297, -0.651013, 0.750000, 0.086960],
    [0.900783, 0.882479, -0.651076, 0.750000, 0.087054],
    [0.900911, 0.882479, -0.651076, 0.750000, 0.087054],
    [0.900942, 0.882297, -0.651013, 0.750000, 0.086960],
    [0.900770, 0.882455, -0.650713, 0.750000, 0.087056],
    [0.899650, 0.882479, -0.651076, 0.750000, 0.087054],
    [0.899637, 0.882455, -0.650713, 0.750000, 0.087056],
    [0.899304, 0.881552, -0.639901, 0.750000, 0.087026],
    [0.899269, 0.881752, -0.639968, 0.750000, 0.087115],
    [0.901716, 0.867629, -0.636054, 0.750000, 0.087603],
    [0.900250, 0.876001, -0.638059, 0.750000, 0.084554],
    [0.901778, 0.867370, -0.636320, 0.750000, 0.087703],
    [0.902911, 0.867370, -0.636320, 0.750000, 0.087703],
    [0.901765, 0.867350, -0.635987, 0.750000, 0.087704],
    [0.902167, 0.867970, -0.646595, 0.750000, 0.087668],
    [0.902114, 0.868269, -0.646681, 0.750000, 0.087562],
    [0.900546, 0.877262, -0.649279, 0.750000, 0.084382],
    [0.899681, 0.882297, -0.651013, 0.750000, 0.086960],
    [0.899348, 0.882479, -0.651076, 0.750000, 0.087054],
    [0.899336, 0.882455, -0.650713, 0.750000, 0.087056],
    [0.899002, 0.881552, -0.639901, 0.750000, 0.087026],
    [0.898968, 0.881752, -0.639967, 0.750000, 0.087115],
    [0.901415, 0.867629, -0.636054, 0.750000, 0.087603],
    [0.899948, 0.876001, -0.638059, 0.750000, 0.084554],
    [0.901476, 0.867370, -0.636320, 0.750000, 0.087703],
    [0.901464, 0.867350, -0.635987, 0.750000, 0.087704],
    [0.901865, 0.867970, -0.646595, 0.750000, 0.087668],
    [0.901813, 0.868269, -0.646681, 0.750000, 0.087562],
    [0.900245, 0.877262, -0.649279, 0.750000, 0.084382],
    [0.899380, 0.882297, -0.651013, 0.750000, 0.086960],
    [0.900899, 0.882455, -0.650713, 0.750000, 0.087056],
    [0.900930, 0.882272, -0.650650, 0.750000, 0.086963],
    [0.903236, 0.867674, -0.641534, 0.750000, 0.087685],
    [0.903186, 0.867964, -0.641610, 0.750000, 0.087581],
    [0.901666, 0.876660, -0.643926, 0.750000, 0.084464],
    [0.900762, 0.881941, -0.645711, 0.750000, 0.086992],
    [0.900730, 0.882132, -0.645775, 0.750000, 0.087083],
    [0.900601, 0.882132, -0.645775, 0.750000, 0.087083],
    [0.899281, 0.881775, -0.640316, 0.750000, 0.087114],
    [0.901975, 0.867674, -0.641534, 0.750000, 0.087685],
    [0.903108, 0.867674, -0.641534, 0.750000, 0.087685],
    [0.898980, 0.881775, -0.640316, 0.750000, 0.087114],
    [0.901674, 0.867674, -0.641534, 0.750000, 0.087685],
    [0.899468, 0.882132, -0.645775, 0.750000, 0.087083],
    [0.899167, 0.882132, -0.645775, 0.750000, 0.087083],
    [0.903363, 0.868248, -0.646334, 0.750000, 0.087563],
    [0.901798, 0.877221, -0.648913, 0.750000, 0.084387],
    [0.902153, 0.867950, -0.646249, 0.750000, 0.087669],
    [0.901852, 0.867950, -0.646249, 0.750000, 0.087669],
    [0.898254, 0.864942, -0.579396, 0.750000, 0.088546],
    [0.898434, 0.863897, -0.579219, 0.750000, 0.088546],
    [0.898488, 0.863980, -0.580639, 0.750000, 0.088546],
    [0.898307, 0.865025, -0.580816, 0.750000, 0.088546],
    [0.896936, 0.871163, -0.580693, 0.750000, 0.088546],
    [0.896986, 0.871253, -0.582110, 0.750000, 0.088546],
    [0.896139, 0.876929, -0.580206, 0.750000, 0.087768],
    [0.896094, 0.876844, -0.578895, 0.750000, 0.087781],
    [0.897361, 0.863536, -0.555556, 0.750000, 0.088546],
    [0.896088, 0.871090, -0.556880, 0.750000, 0.088546],
    [0.895025, 0.869098, -0.526630, 0.750000, 0.088546],
    [0.896301, 0.861848, -0.527103, 0.750000, 0.088546],
    [0.895331, 0.875415, -0.556882, 0.750000, 0.088006],
    [0.895151, 0.876446, -0.556883, 0.750000, 0.087877],
    [0.894130, 0.874511, -0.527304, 0.750000, 0.088215],
    [0.894302, 0.873470, -0.527175, 0.750000, 0.088279],
    [0.895337, 0.860317, -0.501323, 0.750000, 0.088546],
    [0.894066, 0.866499, -0.499247, 0.750000, 0.088546],
    [0.893205, 0.872751, -0.500392, 0.750000, 0.088533],
    [0.893371, 0.871699, -0.500172, 0.750000, 0.088535],
    [0.893167, 0.872678, -0.499279, 0.750000, 0.088546],
    [0.892967, 0.873631, -0.498443, 0.750000, 0.088546],
    [0.893163, 0.872384, -0.498178, 0.750000, 0.088546],
    [0.893332, 0.871625, -0.499056, 0.750000, 0.088546],
    [0.895297, 0.860253, -0.500257, 0.750000, 0.088546],
    [0.894026, 0.866424, -0.498115, 0.750000, 0.088546],
    [0.893987, 0.866371, -0.497065, 0.750000, 0.088546],
    [0.895419, 0.859324, -0.499477, 0.750000, 0.088546],
    [0.895470, 0.859304, -0.500549, 0.750000, 0.088546],
    [0.895615, 0.858255, -0.499806, 0.750000, 0.088546],
    [0.895656, 0.858318, -0.500894, 0.750000, 0.088546],
    [0.895510, 0.859366, -0.501606, 0.750000, 0.088546],
    [0.897534, 0.862505, -0.555376, 0.750000, 0.088546],
    [0.896475, 0.860858, -0.527167, 0.750000, 0.088546],
    [0.896650, 0.859856, -0.527219, 0.750000, 0.088546],
    [0.897714, 0.861503, -0.555427, 0.750000, 0.088546],
    [0.898644, 0.862940, -0.580043, 0.750000, 0.088546],
    [0.898700, 0.863026, -0.581509, 0.750000, 0.088546],
    [0.898497, 0.864203, -0.581708, 0.750000, 0.088546],
    [0.897012, 0.871392, -0.583165, 0.750000, 0.088546],
    [0.896019, 0.877802, -0.580931, 0.750000, 0.087768],
    [0.895937, 0.877941, -0.579752, 0.750000, 0.087583],
    [0.895782, 0.878989, -0.580399, 0.750000, 0.087583],
    [0.895737, 0.878902, -0.579074, 0.750000, 0.087599],
    [0.895893, 0.877857, -0.578467, 0.750000, 0.087599],
    [0.894973, 0.877447, -0.556824, 0.750000, 0.087877],
    [0.893956, 0.875513, -0.527245, 0.750000, 0.088215],
    [0.893007, 0.873705, -0.499586, 0.750000, 0.088533],
]

indices = [
    0, 1, 2,
    0, 2, 3,
    4, 5, 6,
    4, 6, 7,
    8, 9, 10,
    8, 10, 11,
    12, 5, 4,
    12, 4, 13,
    14, 1, 0,
    14, 0, 15,
    16, 17, 18,
    16, 18, 19,
    20, 21, 22,
    20, 22, 23,
    24, 25, 26,
    24, 26, 27,
    28, 25, 29,
    28, 29, 30,
    31, 13, 9,
    31, 9, 32,
    33, 15, 12,
    33, 12, 34,
    35, 36, 14,
    35, 14, 37,
    23, 16, 38,
    23, 38, 39,
    24, 20, 40,
    24, 40, 41,
    30, 29, 42,
    30, 42, 43,
    44, 31, 32,
    44, 32, 45,
    46, 33, 34,
    46, 34, 47,
    48, 35, 37,
    48, 37, 49,
    39, 38, 50,
    39, 50, 51,
    41, 40, 52,
    41, 52, 53,
    54, 55, 27,
    54, 27, 26,
    13, 4, 10,
    13, 10, 9,
    20, 24, 27,
    20, 27, 21,
    13, 31, 34,
    13, 34, 12,
    25, 24, 41,
    25, 41, 29,
    31, 44, 47,
    31, 47, 34,
    29, 41, 53,
    29, 53, 42,
    3, 2, 56,
    3, 56, 57,
    7, 6, 58,
    7, 58, 59,
    8, 11, 60,
    8, 60, 61,
    36, 2, 1,
    36, 1, 14,
    9, 8, 62,
    9, 62, 32,
    36, 35, 63,
    36, 63, 64,
    32, 62, 65,
    32, 65, 45,
    35, 48, 66,
    35, 66, 63,
    7, 11, 10,
    7, 10, 4,
    19, 18, 56,
    19, 56, 64,
    61, 28, 30,
    61, 30, 67,
    30, 43, 68,
    30, 68, 67,
    55, 54, 60,
    55, 60, 59,
    69, 18, 17,
    69, 17, 22,
    55, 70, 21,
    55, 21, 27,
    25, 28, 54,
    25, 54, 26,
    19, 71, 38,
    19, 38, 16,
    71, 72, 50,
    71, 50, 38,
    5, 0, 3,
    5, 3, 6,
    15, 0, 5,
    15, 5, 12,
    16, 23, 22,
    16, 22, 17,
    15, 33, 37,
    15, 37, 14,
    20, 23, 39,
    20, 39, 40,
    33, 46, 49,
    33, 49, 37,
    40, 39, 51,
    40, 51, 52,
    58, 57, 69,
    58, 69, 70,
    70, 69, 22,
    70, 22, 21,
    57, 56, 18,
    57, 18, 69,
    59, 58, 70,
    59, 70, 55,
    61, 60, 54,
    61, 54, 28,
    64, 63, 71,
    64, 71, 19,
    63, 66, 72,
    63, 72, 71,
    64, 56, 2,
    64, 2, 36,
    8, 61, 67,
    8, 67, 62,
    67, 68, 65,
    67, 65, 62,
    59, 60, 11,
    59, 11, 7,
    57, 58, 6,
    57, 6, 3,
    73, 74, 75,
    73, 75, 76,
    77, 78, 79,
    77, 79, 80,
    81, 82, 83,
    81, 83, 84,
    85, 86, 87,
    85, 87, 88,
    89, 84, 83,
    89, 83, 90,
    88, 87, 91,
    88, 91, 92,
    93, 94, 95,
    93, 95, 96,
    97, 98, 99,
    97, 99, 100,
    101, 102, 103,
    101, 103, 104,
    105, 106, 107,
    105, 107, 108,
    74, 105, 108,
    74, 108, 109,
    75, 110, 111,
    75, 111, 76,
    79, 78, 112,
    79, 112, 113,
    114, 115, 116,
    114, 116, 117,
    87, 86, 118,
    87, 118, 119,
    91, 87, 119,
    91, 119, 120,
    73, 77, 82,
    73, 82, 81,
    85, 80, 117,
    85, 117, 86,
    75, 74, 109,
    75, 109, 110,
    117, 116, 118,
    117, 118, 86,
    77, 73, 76,
    77, 76, 78,
    105, 81, 84,
    105, 84, 106,
    89, 97, 101,
    89, 101, 104,
    101, 97, 100,
    101, 100, 102,
    76, 111, 112,
    76, 112, 78,
    74, 73, 81,
    74, 81, 105,
    80, 79, 114,
    80, 114, 117,
    82, 85, 88,
    82, 88, 83,
    90, 92, 96,
    90, 96, 98,
    96, 95, 99,
    96, 99, 98,
    114, 79, 113,
    114, 113, 115,
    80, 85, 82,
    80, 82, 77,
    97, 89, 90,
    97, 90, 98,
    92, 91, 93,
    92, 93, 96,
    104, 103, 107,
    104, 107, 106,
    93, 91, 120,
    93, 120, 94,
    84, 89, 104,
    84, 104, 106,
    92, 90, 83,
    92, 83, 88,
]
