vertices = [
    [0.095453, 0.830460, -2.291863, 0.252438, 0.469734],
    [-0.004285, 0.830491, -2.292970, 0.500032, 0.468379],
    [-0.004285, 0.856072, -2.282492, 0.500002, 0.573596],
    [0.095452, 0.856077, -2.280905, 0.252408, 0.575779],
    [0.196454, 0.805667, -2.294779, 0.001717, 0.378220],
    [0.148660, 0.806089, -2.298462, 0.120373, 0.374374],
    [0.148659, 0.830439, -2.288472, 0.120346, 0.474550],
    [0.196453, 0.830420, -2.284541, 0.001691, 0.480176],
    [0.148659, 0.856081, -2.277624, 0.120318, 0.580524],
    [-0.004285, 0.807040, -2.302554, 0.500058, 0.371959],
    [0.095453, 0.806469, -2.301458, 0.252464, 0.371399],
    [0.096131, 0.885465, -2.268370, 0.250689, 0.697381],
    [0.149337, 0.885433, -2.265217, 0.118600, 0.701810],
    [0.196453, 0.856086, -2.273700, 0.001661, 0.586222],
    [0.197131, 0.885675, -2.260763, -0.000058, 0.709121],
    [-0.004285, 0.885058, -2.270298, 0.499969, 0.693286],
    [-0.104022, 0.830460, -2.291863, 0.747619, 0.470062],
    [-0.104022, 0.856077, -2.280905, 0.747588, 0.576107],
    [-0.205023, 0.805667, -2.294779, 0.998356, 0.378880],
    [-0.205023, 0.830420, -2.284541, 0.998326, 0.480836],
    [-0.157229, 0.830439, -2.288472, 0.879692, 0.475053],
    [-0.157229, 0.806089, -2.298462, 0.879721, 0.374877],
    [-0.157228, 0.856081, -2.277624, 0.879660, 0.581027],
    [-0.104022, 0.806469, -2.301458, 0.747646, 0.371727],
    [-0.157906, 0.885433, -2.265217, 0.881309, 0.702315],
    [-0.104700, 0.885465, -2.268370, 0.749237, 0.697711],
    [-0.205022, 0.856086, -2.273700, 0.998295, 0.586882],
    [-0.205700, 0.885675, -2.260763, 0.999942, 0.709783],
]

indices = [
    0, 1, 2,
    0, 2, 3,
    4, 5, 6,
    4, 6, 7,
    3, 8, 6,
    3, 6, 0,
    9, 1, 0,
    9, 0, 10,
    5, 10, 0,
    5, 0, 6,
    8, 3, 11,
    8, 11, 12,
    8, 13, 7,
    8, 7, 6,
    13, 8, 12,
    13, 12, 14,
    15, 11, 3,
    15, 3, 2,
    16, 17, 2,
    16, 2, 1,
    18, 19, 20,
    18, 20, 21,
    17, 16, 20,
    17, 20, 22,
    9, 23, 16,
    9, 16, 1,
    21, 20, 16,
    21, 16, 23,
    22, 24, 25,
    22, 25, 17,
    22, 20, 19,
    22, 19, 26,
    26, 27, 24,
    26, 24, 22,
    15, 2, 17,
    15, 17, 25,
]
